Datetime,Benchmark,Strategy,Para1,Para2,Para3,Para4
2009-06-01 16:00:00,3.57,1.72,172186,0,9658378,0
2009-06-02 16:00:00,3.82,2.07,34467,0,0,0
2009-06-03 16:00:00,6.51,5.16,309269,0,0,0
2009-06-04 16:00:00,7.03,5.17,1559,0,0,0
2009-06-05 16:00:00,6.51,4.47,0,-70851.2,0,0
2009-06-08 16:00:00,6.84,5.36,89833,0,8332741,-8357166.4
2009-06-09 16:00:00,7.28,5.08,0,-28866,0,0
2009-06-10 16:00:00,8.33,6.37,129292,0,0,0
2009-06-11 16:00:00,7.32,5.77,0,-60325.8,0,0
2009-06-12 16:00:00,5.31,3.98,0,-178955.6,0,0
2009-06-15 16:00:00,7.48,6.7,272711,0,7921109,-7902723
2009-06-16 16:00:00,7.3,6.62,0,-8403.8,0,0
2009-06-17 16:00:00,9.09,7.74,111988,0,0,0
2009-06-18 16:00:00,10.79,8.52,78223,0,0,0
2009-06-19 16:00:00,11.61,8.47,0,-4663,0,0
2009-06-22 16:00:00,11.7,8.31,0,-16488,9137057,-8759049
2009-06-23 16:00:00,11.75,8.63,32245,0,0,0
2009-06-24 16:00:00,13.08,9.6,96661,0,0,0
2009-06-25 16:00:00,12.98,8.88,0,-71390.28,0,0
2009-06-26 16:00:00,13.36,9.36,47600,0,0,0
2009-06-29 16:00:00,15.23,10.9,154107.9,0,7741747,-7728421.9
2009-06-30 16:00:00,14.74,10.1,0,-79788,0,0
2009-07-01 16:00:00,17.33,13.01,290099.8,0,0,0
2009-07-02 16:00:00,18.94,13.76,75236,0,0,0
2009-07-03 16:00:00,20.56,15.82,206430,0,0,0
2009-07-06 16:00:00,22.29,17.43,160946,0,8541058,-8540558
2009-07-07 16:00:00,21.04,15.53,0,-189930,0,0
2009-07-08 16:00:00,21.47,18.98,344876,0,0,0
2009-07-09 16:00:00,23.07,19.76,78090,0,0,0
2009-07-10 16:00:00,23.14,20.62,85889,0,0,0
2009-07-13 16:00:00,21.79,21.06,44021,0,10751246,-10749892
2009-07-14 16:00:00,25.19,22.45,138691,0,0,0
2009-07-15 16:00:00,26.58,23.22,77738,0,0,0
2009-07-16 16:00:00,26.87,22.6,0,-62247.6,0,0
2009-07-17 16:00:00,27.54,22.98,37960,0,0,0
2009-07-20 16:00:00,30.13,27.57,458383,0,11091075,-11106392
2009-07-21 16:00:00,28.27,24.55,0,-301294,0,0
2009-07-22 16:00:00,30.7,26.67,211806.8,0,0,0
2009-07-23 16:00:00,32.33,26.81,13395.2,0,0,0
2009-07-24 16:00:00,32.9,29.1,229428.8,0,0,0
2009-07-27 16:00:00,35.65,33.55,444580.8,0,9005546,-9017763.6
2009-07-28 16:00:00,36.09,33.12,0,-42635,0,0
2009-07-29 16:00:00,28.95,24.36,0,-875672,0,0
2009-07-30 16:00:00,31.71,27.53,316349,0,0,0
2009-07-31 16:00:00,35.33,34.96,743831,0,0,0
2009-08-03 16:00:00,37.23,39.9,493934,0,9080147,-9047379
2009-08-04 16:00:00,37.21,41.12,121631,0,0,0
2009-08-05 16:00:00,35.56,42.16,104495,0,0,0
2009-08-06 16:00:00,32.74,36.7,0,-546764,0,0
2009-08-07 16:00:00,28.82,29.74,0,-695529,0,0
2009-08-10 16:00:00,28.44,32.74,300091,0,11794349,-11821457
2009-08-11 16:00:00,28.87,32.65,0,-9485,0,0
2009-08-12 16:00:00,23.11,27.77,0,-487697,0,0
2009-08-13 16:00:00,24.68,26.46,0,-131290,0,0
2009-08-14 16:00:00,21.19,21.77,0,-469017,0,0
2009-08-17 16:00:00,13.79,17.64,0,-413142,8822619,-9979517
2009-08-18 16:00:00,14.94,17.76,12548,0,0,0
2009-08-19 16:00:00,9.24,13.38,0,-437961,0,0
2009-08-20 16:00:00,13.94,16.89,350776,0,0,0
2009-08-21 16:00:00,16.09,18.66,176962,0,0,0
2009-08-24 16:00:00,17.03,21.28,262389,0,10279450,-9884164
2009-08-25 16:00:00,12.69,19.85,0,-142829,0,0
2009-08-26 16:00:00,14.95,21.81,195642,0,0,0
2009-08-27 16:00:00,14.37,20.31,0,-150558,0,0
2009-08-28 16:00:00,10.4,16.93,0,-337492,0,0
2009-08-31 16:00:00,2.56,11.2,0,-573138,10349953,-9556741
2009-09-01 16:00:00,3.04,9.9,0,-130035,0,0
2009-09-02 16:00:00,4.75,10.38,48515,0,0,0
2009-09-03 16:00:00,10.59,15.2,481212,0,0,0
2009-09-04 16:00:00,11.5,16.93,173748,0,0,0
2009-09-07 16:00:00,12.48,17.89,96009,0,9391909,-9399181
2009-09-08 16:00:00,14.9,20.23,233719,0,0,0
2009-09-09 16:00:00,15.77,21.18,95101,0,0,0
2009-09-10 16:00:00,14.61,19.68,0,-150014,0,0
2009-09-11 16:00:00,17.34,22.17,248985,0,0,0
2009-09-14 16:00:00,19.34,25.08,291172,0,9403742,-9410232
2009-09-15 16:00:00,19.67,25.41,32628,0,0,0
2009-09-16 16:00:00,18.06,24.39,0,-101940,0,0
2009-09-17 16:00:00,20.31,26.8,241422,0,0,0
2009-09-18 16:00:00,15.94,21.53,0,-527395,0,0
2009-09-21 16:00:00,16.27,23.24,171318,0,9183369,-10768944
2009-09-22 16:00:00,13.46,20.76,0,-248179,0,0
2009-09-23 16:00:00,10.88,17.61,0,-315089,0,0
2009-09-24 16:00:00,11.64,16.23,0,-137952,0,0
2009-09-25 16:00:00,10.83,16.09,0,-14240,0,0
2009-09-28 16:00:00,7.72,15.05,0,-104119,9328448,-8508268
2009-09-29 16:00:00,7.7,13.45,0,-159517,0,0
2009-09-30 16:00:00,8.88,14.23,77300,0,0,0
2009-10-09 16:00:00,14.64,18.49,426825,0,10413778,-10033371
2009-10-12 16:00:00,14.2,17.93,0,-56546,7149961,-6753633
2009-10-13 16:00:00,15.9,20.22,229547,0,0,0
2009-10-14 16:00:00,16.95,22.16,193609,0,0,0
2009-10-15 16:00:00,17.39,22.18,2040,0,0,0
2009-10-16 16:00:00,17.47,22.61,43305,0,0,0
2009-10-19 16:00:00,20.63,27.08,446369,0,9422859,-9419873
2009-10-20 16:00:00,22.39,28.06,98273,0,0,0
2009-10-21 16:00:00,22.09,28.68,62096,0,0,0
2009-10-22 16:00:00,21.29,27.35,0,-133273,0,0
2009-10-23 16:00:00,23.68,30.09,274618,0,0,0
2009-10-26 16:00:00,23.72,30.91,81900,0,11712841,-11713619
2009-10-27 16:00:00,20.11,26.7,0,-421825,0,0
2009-10-28 16:00:00,20.64,28.14,143982,0,0,0
2009-10-29 16:00:00,17.66,24.41,0,-372111,0,0
2009-10-30 16:00:00,18.87,25.1,69040,0,0,0
2009-11-02 16:00:00,22.94,28.29,318106,0,11352556,-11744138
2009-11-03 16:00:00,24.49,28.99,70652,0,0,0
2009-11-04 16:00:00,25.15,28.98,0,-1231,0,0
2009-11-05 16:00:00,25.53,29.89,90906,0,0,0
2009-11-06 16:00:00,26.21,29.88,0,-622,0,0
2009-11-09 16:00:00,26.67,31.03,115016,0,11668550,-11733585
2009-11-10 16:00:00,26.96,30.99,0,-4685,0,0
2009-11-11 16:00:00,26.67,30.58,0,-40515,0,0
2009-11-12 16:00:00,26.82,30.94,35748,0,0,0
2009-11-13 16:00:00,27.5,31.07,12997,0,0,0
2009-11-16 16:00:00,31.38,33.75,268141,0,11862601,-11403570
2009-11-17 16:00:00,31.48,33.6,0,-14886,0,0
2009-11-18 16:00:00,31.54,34.3,69751,0,0,0
2009-11-19 16:00:00,31.99,35.12,82426,0,0,0
2009-11-20 16:00:00,31.57,34.9,0,-22006,0,0
2009-11-23 16:00:00,32.82,37,209378,0,12125575,-12139698
2009-11-24 16:00:00,28.57,31.33,0,-566769,0,0
2009-11-25 16:00:00,31.52,35.46,413024,0,0,0
2009-11-26 16:00:00,26.31,29.32,0,-613480,0,0
2009-11-27 16:00:00,22.57,25.11,0,-421558,0,0
2009-11-30 16:00:00,27.25,31.69,658168,0,10488030,-10478389
2009-12-01 16:00:00,29.03,34.71,301687,0,0,0
2009-12-02 16:00:00,30.35,34.95,23923,0,0,0
2009-12-03 16:00:00,30.12,35.61,66312,0,0,0
2009-12-04 16:00:00,32.02,32.01,0,-359725,0,0
2009-12-07 16:00:00,32.94,33.69,167420,0,12814496,-12822164
2009-12-08 16:00:00,31.32,32.21,0,-147890,0,0
2009-12-09 16:00:00,28.8,28.95,0,-325239,0,0
2009-12-10 16:00:00,29.62,30.07,111522,0,0,0
2009-12-11 16:00:00,29.54,30.14,6917,0,0,0
2009-12-14 16:00:00,30.91,32.14,200155,0,10366814,-11236673
2009-12-15 16:00:00,29.84,31.47,0,-67261,0,0
2009-12-16 16:00:00,29.03,30.01,0,-145592,0,0
2009-12-17 16:00:00,26.11,25.84,0,-417640,0,0
2009-12-18 16:00:00,22.9,21.97,0,-386744,0,0
2009-12-21 16:00:00,23.08,23.3,133238,0,10145126,-9305991
2009-12-22 16:00:00,19.78,20.33,0,-297387,0,0
2009-12-23 16:00:00,20.9,21.95,162106,0,0,0
2009-12-24 16:00:00,24.61,25.54,359308,0,0,0
2009-12-25 16:00:00,24.1,25.49,0,-5161,0,0
2009-12-28 16:00:00,26.04,27.38,189176,0,8842418,-8800710
2009-12-29 16:00:00,26.85,27.96,58339,0,0,0
2009-12-30 16:00:00,28.96,27.89,0,-7652,0,0
2009-12-31 16:00:00,29.57,28.41,51833,0,0,0
2010-01-04 16:00:00,28.1,29.08,67480,0,11142128,-11141729
2010-01-05 16:00:00,29.15,30.31,122660,0,0,0
2010-01-06 16:00:00,28.34,29.59,0,-71513,0,0
2010-01-07 16:00:00,25.79,27.01,0,-258298,0,0
2010-01-08 16:00:00,26.1,27.77,76400,0,0,0
2010-01-11 16:00:00,26.17,30.33,255208,0,9968481,-10845347
2010-01-12 16:00:00,28.09,31.73,140892,0,0,0
2010-01-13 16:00:00,23.97,30.93,0,-80809,0,0
2010-01-14 16:00:00,25.7,32.48,155459,0,0,0
2010-01-15 16:00:00,26.2,32.37,0,-11356,0,0
2010-01-18 16:00:00,26.85,34.36,198975,0,12308744,-11442174
2010-01-19 16:00:00,27.1,33.87,0,-49187,0,0
2010-01-20 16:00:00,23,30.57,0,-329408,0,0
2010-01-21 16:00:00,23.51,31.27,70057,0,0,0
2010-01-22 16:00:00,21.98,28,0,-327460,0,0
2010-01-25 16:00:00,20.59,26.43,0,-157209,9724934,-10967495
2010-01-26 16:00:00,17.51,23.3,0,-312228,0,0
2010-01-27 16:00:00,15.9,22.08,0,-122013,0,0
2010-01-28 16:00:00,16.19,22.92,83921,0,0,0
2010-01-29 16:00:00,16.1,23.53,60319,0,0,0
2010-02-01 16:00:00,14.24,23.84,31465,0,8645243,-8214734
2010-02-02 16:00:00,14,22.48,0,-136311,0,0
2010-02-03 16:00:00,17.07,23.59,110947,0,0,0
2010-02-04 16:00:00,16.64,24.6,101105,0,0,0
2010-02-05 16:00:00,14.25,23.25,0,-134898,0,0
2010-02-08 16:00:00,14.18,23.54,29003,0,7786957,-7374291
2010-02-09 16:00:00,14.84,23.19,0,-34519,0,0
2010-02-10 16:00:00,16.47,24.02,82576,0,0,0
2010-02-11 16:00:00,16.69,23.07,0,-94638,0,0
2010-02-12 16:00:00,17.81,24.2,112530,0,0,0
2010-02-22 16:00:00,17.16,23.39,0,-80422,11179449,-11187197
2010-02-23 16:00:00,15.9,22.86,0,-53241,0,0
2010-02-24 16:00:00,17.57,24.58,171990,0,0,0
2010-02-25 16:00:00,19.29,25.81,122966,0,0,0
2010-02-26 16:00:00,18.91,24.86,0,-95194,0,0
2010-03-01 16:00:00,20.46,27.58,272266,0,10508355,-10523781
2010-03-02 16:00:00,19.99,26.97,0,-61009,0,0
2010-03-03 16:00:00,20.85,27.91,93500,0,0,0
2010-03-04 16:00:00,17.79,24.34,0,-356227,0,0
2010-03-05 16:00:00,18.12,24.02,0,-32896,0,0
2010-03-08 16:00:00,19.08,24.87,85454,0,10746135,-11571472
2010-03-09 16:00:00,19.79,25.18,30848,0,0,0
2010-03-10 16:00:00,18.84,22.91,0,-226763,0,0
2010-03-11 16:00:00,18.73,22.35,0,-56391,0,0
2010-03-12 16:00:00,17.15,20.61,0,-173198,0,0
2010-03-15 16:00:00,15.34,20.03,0,-58006,11215326,-10772297
2010-03-16 16:00:00,16.1,20.02,0,-1428,0,0
2010-03-17 16:00:00,18.63,22.32,229509,0,0,0
2010-03-18 16:00:00,18.4,23.09,77101.8,0,0,0
2010-03-19 16:00:00,19.36,23.9,80837.4,0,0,0
2010-03-22 16:00:00,19.67,24.38,48348,0,10308355,-9482621.6
2010-03-23 16:00:00,18.69,23.31,0,-107086,0,0
2010-03-24 16:00:00,18.73,23.07,0,-23622,0,0
2010-03-25 16:00:00,17.01,21.62,0,-145110,0,0
2010-03-26 16:00:00,18.67,23.42,179625,0,0,0
2010-03-29 16:00:00,21.7,25.73,231492,0,10716705,-11145343
2010-03-30 16:00:00,22,26.05,31786,0,0,0
2010-03-31 16:00:00,21.23,25.77,0,-27534,0,0
2010-04-01 16:00:00,22.91,27.47,169353,0,0,0
2010-04-02 16:00:00,23.47,28.26,79067,0,0,0
2010-04-06 16:00:00,23.39,28.98,72408,0,10722077,-10299828
2010-04-07 16:00:00,22.73,28.66,0,-31912,0,0
2010-04-08 16:00:00,21.27,26.52,0,-214102,0,0
2010-04-09 16:00:00,22.45,28.08,156072,0,0,0
2010-04-12 16:00:00,21.44,30.65,256462,0,9885759,-9883466
2010-04-13 16:00:00,22.9,30.74,9007,0,0,0
2010-04-14 16:00:00,23.34,32.44,170701.4,0,0,0
2010-04-15 16:00:00,23,30.95,0,-149753.4,0,0
2010-04-16 16:00:00,21.62,30.12,0,-82788.4,0,0
2010-04-19 16:00:00,15.1,25.07,0,-505272.6,9826027,-11104631
2010-04-20 16:00:00,14.99,27.88,280864,0,0,0
2010-04-21 16:00:00,17.28,30.69,281376,0,0,0
2010-04-22 16:00:00,16.01,31.6,90619,0,0,0
2010-04-23 16:00:00,15.59,30.27,0,-132644,0,0
2010-04-26 16:00:00,14.94,30.91,64160,0,9991958,-8709241
2010-04-27 16:00:00,12.64,29.39,0,-152434,0,0
2010-04-28 16:00:00,12.23,28.78,0,-60777,0,0
2010-04-29 16:00:00,10.88,25.64,0,-314225,0,0
2010-04-30 16:00:00,11.15,24.08,0,-155107,0,0
2010-05-04 16:00:00,9.41,23.07,0,-101177,9705414,-9730430
2010-05-05 16:00:00,10.03,23.97,89739,0,0,0
2010-05-06 16:00:00,4.97,18.85,0,-512266,0,0
2010-05-07 16:00:00,2.79,14.41,0,-444234,0,0
2010-05-10 16:00:00,3.57,14.82,41334,0,10288428,-10642857
2010-05-11 16:00:00,1.49,11.98,0,-283434,0,0
2010-05-12 16:00:00,2.12,10.1,0,-188180,0,0
2010-05-13 16:00:00,4.61,12.44,233754,0,0,0
2010-05-14 16:00:00,3.92,12.36,0,-7867,0,0
2010-05-17 16:00:00,-1.63,8.88,0,-348561,7402420,-8135123
2010-05-18 16:00:00,0.42,9.68,80240,0,0,0
2010-05-19 16:00:00,0.09,10.11,43126.4,0,0,0
2010-05-20 16:00:00,-1.22,8.7,0,-140839,0,0
2010-05-21 16:00:00,0.33,10.26,156122,0,0,0
2010-05-24 16:00:00,4.12,14.37,411187,0,9165764,-8013204
2010-05-25 16:00:00,1.97,11.56,0,-281284,0,0
2010-05-26 16:00:00,1.97,11.34,0,-22489,0,0
2010-05-27 16:00:00,3.63,13.01,167501,0,0,0
2010-05-28 16:00:00,3.28,11.54,0,-147372,0,0
2010-05-31 16:00:00,0.49,9.84,0,-169288,9217313,-9906005
2010-06-01 16:00:00,-0.56,9.05,0,-79467.4,0,0
2010-06-02 16:00:00,-0.08,9.52,46935.6,0,0,0
2010-06-03 16:00:00,-0.86,8.81,0,-71144.8,0,0
2010-06-04 16:00:00,-0.56,8.91,10396.2,0,0,0
2010-06-07 16:00:00,-2.32,8.87,0,-4053.6,9218759,-8518436.6
2010-06-08 16:00:00,-2.19,9.47,60132,0,0,0
2010-06-09 16:00:00,0.81,12.2,272603,0,0,0
2010-06-10 16:00:00,-0.35,11.84,0,-35587,0,0
2010-06-11 16:00:00,-0.03,11.67,0,-17776,0,0
2010-06-17 16:00:00,-0.62,10.68,0,-98377,8600053,-9345778
2010-06-18 16:00:00,-2.3,7.94,0,-273662.6,0,0
2010-06-21 16:00:00,0.76,11.3,335405.8,0,9336347,-8586606.2
2010-06-22 16:00:00,0.87,10.93,0,-37132,0,0
2010-06-23 16:00:00,-0.04,9.91,0,-101294,0,0
2010-06-24 16:00:00,-0.08,9.9,0,-1841.1,0,0
2010-06-25 16:00:00,-0.85,9,0,-89343,0,0
2010-06-28 16:00:00,-1.56,8.67,0,-32872.5,6517055,-7245473
2010-06-29 16:00:00,-6.08,3.51,0,-516051,0,0
2010-06-30 16:00:00,-7.13,2.02,0,-149313,0,0
2010-07-01 16:00:00,-8.47,1.01,0,-100958.2,0,0
2010-07-02 16:00:00,-8.17,1.67,65918,0,0,0
2010-07-05 16:00:00,-8.95,2.32,65009,0,7023421,-6911181
2010-07-06 16:00:00,-7.13,3.95,162632,0,0,0
2010-07-07 16:00:00,-6.49,4.92,96970,0,0,0
2010-07-08 16:00:00,-6.66,4.34,0,-57699,0,0
2010-07-09 16:00:00,-4.08,7.22,287747,0,0,0
2010-07-12 16:00:00,-3.03,8.84,162406,0,9660370,-9007432
2010-07-13 16:00:00,-4.53,6.54,0,-230344,0,0
2010-07-14 16:00:00,-3.84,7.39,85376,0,0,0
2010-07-15 16:00:00,-5.48,5.45,0,-194050,0,0
2010-07-16 16:00:00,-5.2,7.04,158565,0,0,0
2010-07-19 16:00:00,-2.8,11.19,415401,0,8095939,-8095986
2010-07-20 16:00:00,-0.66,13.13,194419,0,0,0
2010-07-21 16:00:00,-0.45,12.74,0,-39592,0,0
2010-07-22 16:00:00,0.78,14.6,186642,0,0,0
2010-07-23 16:00:00,1.21,14.43,0,-17033,0,0
2010-07-26 16:00:00,1.86,15.9,146375,0,10743610,-10739555
2010-07-27 16:00:00,1.3,14.65,0,-124817,0,0
2010-07-28 16:00:00,3.77,17.67,301778,0,0,0
2010-07-29 16:00:00,4.29,18.7,102924,0,0,0
2010-07-30 16:00:00,3.95,18.15,0,-54606,0,0
2010-08-02 16:00:00,5.71,19.83,167789,0,9048367,-9089103
2010-08-03 16:00:00,3.85,17.15,0,-267894,0,0
2010-08-04 16:00:00,4.23,17.84,69059,0,0,0
2010-08-05 16:00:00,3.3,16.58,0,-126437,0,0
2010-08-06 16:00:00,5,19.09,251719,0,0,0
2010-08-09 16:00:00,5.74,20.47,137585,0,9945739,-9904612
2010-08-10 16:00:00,2.64,16.53,0,-394221,0,0
2010-08-11 16:00:00,3.28,18.01,148508,0,0,0
2010-08-12 16:00:00,2.05,16.05,0,-195943,0,0
2010-08-13 16:00:00,3.47,18.18,212863,0,0,0
2010-08-16 16:00:00,5.88,20.75,256721,0,7926669,-7926754
2010-08-17 16:00:00,6.62,22.17,142224,0,0,0
2010-08-18 16:00:00,6.44,21.61,0,-55823,0,0
2010-08-19 16:00:00,7.09,20.87,0,-73833,0,0
2010-08-20 16:00:00,5.02,17.98,0,-289511,0,0
2010-08-23 16:00:00,4.95,18.86,88445,0,10231071,-10222622
2010-08-24 16:00:00,5.51,19.62,75651,0,0,0
2010-08-25 16:00:00,3.02,16.79,0,-282710,0,0
2010-08-26 16:00:00,3.27,17.36,56326,0,0,0
2010-08-27 16:00:00,3.58,17.05,0,-30823,0,0
2010-08-30 16:00:00,5.63,20.48,343316,0,9034457,-9031231
2010-08-31 16:00:00,5.2,21.09,60477,0,0,0
2010-09-01 16:00:00,4.51,19.32,0,-176788,0,0
2010-09-02 16:00:00,5.86,22.15,283599,0,0,0
2010-09-03 16:00:00,5.82,21.97,0,-18611,0,0
2010-09-06 16:00:00,7.8,23.33,136560,0,10225111,-10224213
2010-09-07 16:00:00,8.1,24.8,146873,0,0,0
2010-09-08 16:00:00,8.02,26.08,128254,0,0,0
2010-09-09 16:00:00,6.04,23.24,0,-284464,0,0
2010-09-10 16:00:00,6.26,24.08,84187,0,0,0
2010-09-13 16:00:00,7.34,26.1,201341,0,9943534,-9942738
2010-09-14 16:00:00,7.44,27.98,188936.2,0,0,0
2010-09-15 16:00:00,5.56,25.77,0,-221324,0,0
2010-09-16 16:00:00,3.55,23.48,0,-229394,0,0
2010-09-17 16:00:00,3.68,23.92,44461.5,0,0,0
2010-09-20 16:00:00,3.27,23.96,3918.5,0,8283795,-9041651
2010-09-21 16:00:00,3.54,22.62,0,-133780,0,0
2010-09-27 16:00:00,5.27,25,238035,0,8217000,-7458028
2010-09-28 16:00:00,4.39,25.43,42985,0,0,0
2010-09-29 16:00:00,4.17,25.45,1179,0,0,0
2010-09-30 16:00:00,6.37,27.1,165481,0,0,0
2010-10-08 16:00:00,10.31,33.99,688904,0,12417463,-12430023
2010-10-11 16:00:00,13.52,40.04,604639,0,7310166,-7296325
2010-10-12 16:00:00,14.97,46.03,599134,0,0,0
2010-10-13 16:00:00,16.59,46.49,46102,0,0,0
2010-10-14 16:00:00,16.83,50.84,435270,0,0,0
2010-10-15 16:00:00,20.58,53.3,246326,0,0,0
2010-10-18 16:00:00,19.8,52.48,0,-82442,13777956,-13778233
2010-10-19 16:00:00,22.32,55.53,304818,0,0,0
2010-10-20 16:00:00,23.09,54.99,0,-53712,0,0
2010-10-21 16:00:00,22.28,53.69,0,-130386,0,0
2010-10-22 16:00:00,22.43,53.15,0,-53828.6,0,0
2010-10-25 16:00:00,26.14,55.48,233481.6,0,14806186,-14812613
2010-10-26 16:00:00,25.6,54.89,0,-59236.6,0,0
2010-10-27 16:00:00,23.34,52.72,0,-217530.4,0,0
2010-10-28 16:00:00,23.12,52.34,0,-37110.8,0,0
2010-10-29 16:00:00,22.48,55.27,292598.2,0,0,0
2010-11-01 16:00:00,25.85,60.07,480240.8,0,13018760,-13534940
2010-11-02 16:00:00,25.49,60.54,46194,0,0,0
2010-11-03 16:00:00,23.94,54.82,0,-571994,0,0
2010-11-04 16:00:00,26.12,58.82,400457.2,0,0,0
2010-11-05 16:00:00,27.58,60.09,127477.8,0,0,0
2010-11-08 16:00:00,28.58,61.59,149807.2,0,13361605,-13906460.8
2010-11-09 16:00:00,27.69,62.19,59423,0,0,0
2010-11-10 16:00:00,26.79,61.74,0,-44491,0,0
2010-11-11 16:00:00,27.19,60.71,0,-103142,0,0
2010-11-12 16:00:00,19.28,51.63,0,-907962,0,0
2010-11-15 16:00:00,20.12,56.64,501350,0,10135305,-11108459
2010-11-16 16:00:00,14.85,51.87,0,-477290,0,0
2010-11-17 16:00:00,12.47,46.17,0,-570034,0,0
2010-11-18 16:00:00,14.07,47.33,115913,0,0,0
2010-11-19 16:00:00,15.19,50.66,333060,0,0,0
2010-11-22 16:00:00,14.94,51.86,120069,0,13467957,-11427029
2010-11-23 16:00:00,12.59,50.01,0,-184894,0,0
2010-11-24 16:00:00,15.12,54.68,466303,0,0,0
2010-11-25 16:00:00,16.81,56.64,196433,0,0,0
2010-11-26 16:00:00,15.77,54.87,0,-176744,0,0
2010-11-29 16:00:00,15.59,56.51,163796,0,12841693,-13356743
2010-11-30 16:00:00,13.67,53.15,0,-335967,0,0
2010-12-01 16:00:00,13.64,52.05,0,-109606,0,0
2010-12-02 16:00:00,14.33,53.33,127804,0,0,0
2010-12-03 16:00:00,14.44,53.05,0,-28066,0,0
2010-12-06 16:00:00,14.71,53.66,60500,0,12764778,-13208172
2010-12-07 16:00:00,15.97,55.41,174952,0,0,0
2010-12-08 16:00:00,14.94,53.97,0,-143251,0,0
2010-12-09 16:00:00,13.18,52.1,0,-187798,0,0
2010-12-10 16:00:00,14.58,53.5,140756,0,0,0
2010-12-13 16:00:00,18.17,60.42,691729,0,13378583,-12418869
2010-12-14 16:00:00,18.47,60.91,49025,0,0,0
2010-12-15 16:00:00,17.68,59.29,0,-161677,0,0
2010-12-16 16:00:00,17.07,58.18,0,-111050,0,0
2010-12-17 16:00:00,16.88,58.43,24564,0,0,0
2010-12-20 16:00:00,15.18,60.58,214689,0,12192378,-14849482
2010-12-21 16:00:00,17.75,62.51,193147,0,0,0
2010-12-22 16:00:00,16.51,62.09,0,-41821,0,0
2010-12-23 16:00:00,15.54,59.28,0,-280579,0,0
2010-12-24 16:00:00,14.61,57.06,0,-222547,0,0
2010-12-27 16:00:00,12.32,56.08,0,-98035,14668312,-12016884
2010-12-28 16:00:00,10.34,52.34,0,-374008,0,0
2010-12-29 16:00:00,10.95,51.79,0,-54390,0,0
2010-12-30 16:00:00,11.03,51.46,0,-33155,0,0
2010-12-31 16:00:00,13.35,56.11,465135,0,0,0
2011-01-04 16:00:00,15.58,60.12,400546,0,13714537,-13710030
2011-01-05 16:00:00,15.07,60.52,40485,0,0,0
2011-01-06 16:00:00,14.49,60.18,0,-34672,0,0
2011-01-07 16:00:00,14.74,56.98,0,-319939,0,0
2011-01-10 16:00:00,12.63,55.33,0,-164561,13027420,-13535279
2011-01-11 16:00:00,13.23,55.84,50924,0,0,0
2011-01-12 16:00:00,13.86,56.95,111080,0,0,0
2011-01-13 16:00:00,13.83,56.32,0,-63258,0,0
2011-01-14 16:00:00,12.04,54.54,0,-177582,0,0
2011-01-17 16:00:00,7.78,49.75,0,-478969,13731341,-13221854
2011-01-18 16:00:00,7.9,49.41,0,-34725,0,0
2011-01-19 16:00:00,10.33,52.66,325353,0,0,0
2011-01-20 16:00:00,6.7,48.1,0,-456258,0,0
2011-01-21 16:00:00,8.11,50.56,246638,0,0,0
2011-01-24 16:00:00,7.05,51.11,54761,0,11511048,-11511455
2011-01-25 16:00:00,6.48,48.71,0,-240120,0,0
2011-01-26 16:00:00,7.93,52.33,361595,0,0,0
2011-01-27 16:00:00,9.67,57.41,508576,0,0,0
2011-01-28 16:00:00,10.04,58.13,71508,0,0,0
2011-01-31 16:00:00,11.48,62.11,397984,0,9903493,-10000972
2011-02-01 16:00:00,11.51,60.2,0,-190503,0,0
2011-02-09 16:00:00,10.19,62.97,277025,0,12180077,-12082187
2011-02-10 16:00:00,12.48,65.32,235028,0,0,0
2011-02-11 16:00:00,13.09,65.93,60565,0,0,0
2011-02-14 16:00:00,16.65,69.61,368573,0,13291428,-13293321
2011-02-15 16:00:00,16.59,69.23,0,-38054,0,0
2011-02-16 16:00:00,17.71,71.79,255700,0,0,0
2011-02-17 16:00:00,17.62,73.13,133917,0,0,0
2011-02-18 16:00:00,16.38,70.4,0,-272688,0,0
2011-02-21 16:00:00,18.05,74.79,438974,0,12449593,-12459134
2011-02-22 16:00:00,14.63,69.12,0,-566971,0,0
2011-02-23 16:00:00,15.04,70.68,156027,0,0,0
2011-02-24 16:00:00,15.63,71.41,73056,0,0,0
2011-02-25 16:00:00,15.87,72.31,89472,0,0,0
2011-02-28 16:00:00,17.39,75.21,289863,0,14317019,-14876625
2011-03-01 16:00:00,17.94,75.62,41458,0,0,0
2011-03-02 16:00:00,17.52,74.04,0,-158299,0,0
2011-03-03 16:00:00,16.74,70.46,0,-357620,0,0
2011-03-04 16:00:00,18.51,73.58,311823,0,0,0
2011-03-07 16:00:00,20.83,77.52,394334,0,13958060,-13388023
2011-03-08 16:00:00,20.94,78.25,73021,0,0,0
2011-03-09 16:00:00,20.99,78.06,0,-19850,0,0
2011-03-10 16:00:00,18.86,74.77,0,-328498,0,0
2011-03-11 16:00:00,17.67,73.25,0,-152101,0,0
2011-03-14 16:00:00,18.23,75.15,190258,0,14937155,-14936758
2011-03-15 16:00:00,16.1,72.64,0,-251560,0,0
2011-03-16 16:00:00,17.7,74.77,213593.4,0,0,0
2011-03-17 16:00:00,15.85,70.38,0,-439066,0,0
2011-03-18 16:00:00,16.52,70.99,60948,0,0,0
2011-03-21 16:00:00,16.21,71.11,11981,0,15924591,-15923046
2011-03-22 16:00:00,16.79,70.39,0,-72405,0,0
2011-03-23 16:00:00,18.31,74.17,378312,0,0,0
2011-03-24 16:00:00,17.82,74.36,18678,0,0,0
2011-03-25 16:00:00,19.38,75.89,153451,0,0,0
2011-03-28 16:00:00,19.24,77.71,181758,0,12954374,-12955434
2011-03-29 16:00:00,18.06,76,0,-171296,0,0
2011-03-30 16:00:00,17.99,75.69,0,-31038,0,0
2011-03-31 16:00:00,16.8,73.59,0,-209335,0,0
2011-04-01 16:00:00,18.59,77.78,419102,0,0,0
2011-04-06 16:00:00,19.98,80.22,243306,0,10611018,-11206415
2011-04-07 16:00:00,20.46,79.91,0,-31020,0,0
2011-04-08 16:00:00,21.51,81.12,121142,0,0,0
2011-04-11 16:00:00,20.79,81.46,34247,0,14530057,-13950106
2011-04-12 16:00:00,20.55,80.75,0,-70864,0,0
2011-04-13 16:00:00,22.19,81.61,85464,0,0,0
2011-04-14 16:00:00,21.52,81.46,0,-15092,0,0
2011-04-15 16:00:00,21.71,80.39,0,-106688,0,0
2011-04-18 16:00:00,21.73,81.73,133697,0,16750805,-16761445
2011-04-19 16:00:00,19.43,78.19,0,-353942,0,0
2011-04-20 16:00:00,19.42,77.66,0,-53031,0,0
2011-04-21 16:00:00,20.21,78.04,38543,0,0,0
2011-04-22 16:00:00,19.58,76.66,0,-138442,0,0
2011-04-25 16:00:00,17.75,75.64,0,-101507,15321077,-15306821
2011-04-26 16:00:00,17.08,73.72,0,-191754,0,0
2011-04-27 16:00:00,16.3,71.73,0,-199397,0,0
2011-04-28 16:00:00,14.57,67.67,0,-406185,0,0
2011-04-29 16:00:00,15.69,70.69,302174,0,0,0
2011-05-03 16:00:00,16.36,72.47,178365,0,13664195,-14217625
2011-05-04 16:00:00,13.38,69.59,0,-288558,0,0
2011-05-05 16:00:00,13.28,69.34,0,-24398,0,0
2011-05-06 16:00:00,13.11,69.9,55640,0,0,0
2011-05-09 16:00:00,13.41,70.87,97221,0,14168927,-14137874
2011-05-10 16:00:00,14.26,71.37,49927,0,0,0
2011-05-11 16:00:00,13.96,71.18,0,-19492.6,0,0
2011-05-12 16:00:00,12.39,69.09,0,-208537.8,0,0
2011-05-13 16:00:00,13.35,69.95,85342,0,0,0
2011-05-16 16:00:00,12.35,69.98,3641,0,15835947,-15826565
2011-05-17 16:00:00,12.91,69.75,0,-23647,0,0
2011-05-18 16:00:00,13.76,70.31,56564,0,0,0
2011-05-19 16:00:00,13.08,68.78,0,-152716,0,0
2011-05-20 16:00:00,13.11,67.82,0,-95947,0,0
2011-05-23 16:00:00,9.54,64.22,0,-360506,15024066,-14999947
2011-05-24 16:00:00,9.66,64.39,17035,0,0,0
2011-05-25 16:00:00,8.36,62.68,0,-171118,0,0
2011-05-26 16:00:00,7.92,61.06,0,-162013,0,0
2011-05-27 16:00:00,7.38,59.22,0,-183926.2,0,0
2011-05-30 16:00:00,7.06,58.84,0,-38398.4,11615435,-12042303.4
2011-05-31 16:00:00,8.76,61.28,244665,0,0,0
2011-06-01 16:00:00,8.86,61.67,39300,0,0,0
2011-06-02 16:00:00,7.1,59.58,0,-209020,0,0
2011-06-03 16:00:00,8.21,60.44,85838,0,0,0
2011-06-07 16:00:00,8.86,60.65,20637.04,0,13289471,-13320739
2011-06-08 16:00:00,9.02,60.71,6102,0,0,0
2011-06-09 16:00:00,6.96,57.7,0,-300690,0,0
2011-06-10 16:00:00,7.33,58.2,49675,0,0,0
2011-06-13 16:00:00,6.91,58.25,4698,0,13075846,-12507960
2011-06-14 16:00:00,8.47,59.89,164242,0,0,0
2011-06-15 16:00:00,7.37,58.18,0,-170853,0,0
2011-06-16 16:00:00,5.72,55.13,0,-305025,0,0
2011-06-17 16:00:00,4.8,53.96,0,-116985.4,0,0
2011-06-20 16:00:00,4.17,54.76,79658.8,0,11781773,-11735469
2011-06-21 16:00:00,5.41,56.66,190400,0,0,0
2011-06-22 16:00:00,5.39,56.26,0,-40363,0,0
2011-06-23 16:00:00,7.17,58.31,204789,0,0,0
2011-06-24 16:00:00,9.7,61.89,358367.4,0,0,0
2011-06-27 16:00:00,10.03,62.39,50539,0,12331584,-11934719
2011-06-28 16:00:00,10.22,63.72,132133,0,0,0
2011-06-29 16:00:00,8.71,61.9,0,-181364,0,0
2011-06-30 16:00:00,10.3,63.87,197170,0,0,0
2011-07-01 16:00:00,10.51,64.01,13068,0,0,0
2011-07-04 16:00:00,13.13,69.5,549910,0,12579166,-12527919
2011-07-05 16:00:00,13.15,69.25,0,-25064,0,0
2011-07-06 16:00:00,12.83,69.31,5938,0,0,0
2011-07-07 16:00:00,12.39,69.04,0,-27354.4,0,0
2011-07-08 16:00:00,12.66,68.88,0,-16163.6,0,0
2011-07-11 16:00:00,12.81,70.28,139769,0,13456922,-13931172.6
2011-07-12 16:00:00,10.77,67.01,0,-326781,0,0
2011-07-13 16:00:00,12.56,69.79,278081,0,0,0
2011-07-14 16:00:00,12.9,70.46,67358,0,0,0
2011-07-15 16:00:00,13.38,71.15,69230.2,0,0,0
2011-07-18 16:00:00,13.15,71.73,57502.5,0,12586026,-12098421
2011-07-19 16:00:00,12.15,69.96,0,-177424.4,0,0
2011-07-20 16:00:00,12.03,69.63,0,-32143.5,0,0
2011-07-21 16:00:00,10.85,67.66,0,-197572.4,0,0
2011-07-22 16:00:00,11.17,68.12,46188.4,0,0,0
2011-07-25 16:00:00,7.56,63.49,0,-462646.7,11737479,-11735455.3
2011-07-26 16:00:00,7.9,64.83,133302.2,0,0,0
2011-07-27 16:00:00,8.71,66.21,138578.6,0,0,0
2011-07-28 16:00:00,8.02,64.83,0,-138337.6,0,0
2011-07-29 16:00:00,7.7,63.27,0,-155824.8,0,0
2011-08-01 16:00:00,7.9,64.54,126983.1,0,14124509,-14609739.7
2011-08-02 16:00:00,7.13,65.32,77897,0,0,0
2011-08-03 16:00:00,7.07,65.41,9569,0,0,0
2011-08-04 16:00:00,7.27,65.22,0,-19754,0,0
2011-08-05 16:00:00,4.99,62.96,0,-225818,0,0
2011-08-08 16:00:00,1.24,60.24,0,-272097,13372891,-13366094
2011-08-09 16:00:00,1.39,60.79,55460,0,0,0
2011-08-10 16:00:00,2.33,61.95,115687,0,0,0
2011-08-11 16:00:00,3.88,64.98,302832,0,0,0
2011-08-12 16:00:00,4.19,65.4,41752,0,0,0
2011-08-15 16:00:00,5.73,66.45,105816,0,13185290,-12681315
2011-08-16 16:00:00,5,64.27,0,-218502,0,0
2011-08-17 16:00:00,4.58,64.41,13706,0,0,0
2011-08-18 16:00:00,2.7,61.32,0,-308303,0,0
2011-08-19 16:00:00,1.74,60.39,0,-93229,0,0
2011-08-22 16:00:00,0.66,60.78,39403,0,13353515,-13891953
2011-08-23 16:00:00,2.22,63.16,237361,0,0,0
2011-08-24 16:00:00,1.82,61.76,0,-139489,0,0
2011-08-25 16:00:00,5.22,66.16,439472,0,0,0
2011-08-26 16:00:00,5.13,66.51,35272,0,0,0
2011-08-29 16:00:00,3.37,64.62,0,-189369,13188858,-13738912
2011-08-30 16:00:00,2.97,63.04,0,-158039,0,0
2011-08-31 16:00:00,3.16,62.85,0,-18830,0,0
2011-09-01 16:00:00,2.71,62.05,0,-80087,0,0
2011-09-02 16:00:00,1.6,61.34,0,-70852,0,0
2011-09-05 16:00:00,-0.58,58.78,0,-255590,12733737,-11634092
2011-09-06 16:00:00,-1.32,58.29,0,-48966,0,0
2011-09-07 16:00:00,0.7,61.61,331241,0,0,0
2011-09-08 16:00:00,-0.13,60.62,0,-98166,0,0
2011-09-09 16:00:00,-0.31,60.14,0,-48190,0,0
2011-09-13 16:00:00,-1.43,59.2,0,-94505,12099982,-12099448
2011-09-14 16:00:00,-0.96,60.29,109407,0,0,0
2011-09-15 16:00:00,-1.11,59.93,0,-36133.56,0,0
2011-09-16 16:00:00,-0.93,59.83,0,-9980,0,0
2011-09-19 16:00:00,-2.91,57.34,0,-249385,15264106,-15256087
2011-09-20 16:00:00,-2.53,58.04,70732,0,0,0
2011-09-21 16:00:00,0.41,63.16,511992,0,0,0
2011-09-22 16:00:00,-2.68,58.77,0,-438970,0,0
2011-09-23 16:00:00,-3.27,59.15,37432,0,0,0
2011-09-26 16:00:00,-5.39,57.5,0,-164978,14139160,-14132575
2011-09-27 16:00:00,-4.41,59.75,225374,0,0,0
2011-09-28 16:00:00,-5.4,58.03,0,-171912,0,0
2011-09-29 16:00:00,-6.22,57.38,0,-65640,0,0
2011-09-30 16:00:00,-6.46,56.48,0,-89993,0,0
2011-10-10 16:00:00,-7.34,56.44,0,-4007,11964419,-11964851
2011-10-11 16:00:00,-7.53,55.81,0,-62888,0,0
2011-10-12 16:00:00,-4.17,61.02,520908,0,0,0
2011-10-13 16:00:00,-3.52,61.83,81433,0,0,0
2011-10-14 16:00:00,-3.84,60.92,0,-90647,0,0
2011-10-17 16:00:00,-3.36,61.67,74393,0,14996467,-14996306
2011-10-18 16:00:00,-6.07,56.28,0,-539115,0,0
2011-10-19 16:00:00,-6.4,56.5,22635,0,0,0
2011-10-20 16:00:00,-8.67,54.17,0,-233029,0,0
2011-10-21 16:00:00,-9.13,53.06,0,-111576,0,0
2011-10-24 16:00:00,-6.63,57.04,398731,0,13238916,-13239111
2011-10-25 16:00:00,-4.87,59.4,235039,0,0,0
2011-10-26 16:00:00,-3.92,60.03,63798,0,0,0
2011-10-27 16:00:00,-3.7,60.41,37960,0,0,0
2011-10-28 16:00:00,-1.84,62.49,207953,0,0,0
2011-10-31 16:00:00,-2.33,63.27,78068,0,14557157,-14556196
2011-11-01 16:00:00,-2.25,61.81,0,-146382.2,0,0
2011-11-02 16:00:00,-0.63,65.17,336217.2,0,0,0
2011-11-03 16:00:00,-0.56,64.24,0,-92965.2,0,0
2011-11-04 16:00:00,0.15,65.09,85246.4,0,0,0
2011-11-07 16:00:00,-0.85,63.94,0,-115303,14748518,-14748800
2011-11-08 16:00:00,-1.16,61.88,0,-205979.8,0,0
2011-11-09 16:00:00,-0.29,64.54,265397.2,0,0,0
2011-11-10 16:00:00,-2.18,62.5,0,-203801,0,0
2011-11-11 16:00:00,-2.34,61.99,0,-50901.8,0,0
2011-11-14 16:00:00,-0.34,64.39,240247.4,0,11374894,-11374819.2
2011-11-15 16:00:00,-0.54,65.03,63903,0,0,0
2011-11-16 16:00:00,-3.25,61.36,0,-366917,0,0
2011-11-17 16:00:00,-3.54,61.28,0,-8068,0,0
2011-11-18 16:00:00,-5.55,57.24,0,-403586,0,0
2011-11-21 16:00:00,-5.44,57.43,18341,0,11507589,-13597307
2011-11-22 16:00:00,-5.44,56.84,0,-58322,0,0
2011-11-23 16:00:00,-6.37,55.32,0,-152912,0,0
2011-11-24 16:00:00,-6.19,54.93,0,-38183,0,0
2011-11-25 16:00:00,-6.88,53.43,0,-150523,0,0
2011-11-28 16:00:00,-6.75,54.55,112471,0,13326643,-11747477
2011-11-29 16:00:00,-5.48,56.15,160032,0,0,0
2011-11-30 16:00:00,-8.63,51.2,0,-495808,0,0
2011-12-01 16:00:00,-6.38,54.72,352364,0,0,0
2011-12-02 16:00:00,-7.33,53.26,0,-145878,0,0
2011-12-05 16:00:00,-8.64,52.06,0,-120116,11763698,-11256477
2011-12-06 16:00:00,-8.82,51.44,0,-61411,0,0
2011-12-07 16:00:00,-8.39,51.75,30563,0,0,0
2011-12-08 16:00:00,-8.5,51.81,5521,0,0,0
2011-12-09 16:00:00,-9.29,50.85,0,-95251,0,0
2011-12-12 16:00:00,-10.22,49.18,0,-166988,11515258,-12009424
2011-12-13 16:00:00,-12.24,45.7,0,-348614,0,0
2011-12-14 16:00:00,-13.13,43.91,0,-179115,0,0
2011-12-15 16:00:00,-15.18,40.94,0,-296589,0,0
2011-12-16 16:00:00,-13.39,44.7,375518,0,0,0
2011-12-19 16:00:00,-13.6,45.44,74921,0,11936349,-11438617
2011-12-20 16:00:00,-13.87,44.26,0,-118832,0,0
2011-12-21 16:00:00,-15.24,41.81,0,-244630,0,0
2011-12-22 16:00:00,-15.16,42.18,36588,0,0,0
2011-12-23 16:00:00,-14.51,44.49,231543,0,0,0
2011-12-26 16:00:00,-15.36,43.84,0,-64639,10056796,-10536935
2011-12-27 16:00:00,-16.48,41.35,0,-249313,0,0
2011-12-28 16:00:00,-16.37,41.39,4163,0,0,0
2011-12-29 16:00:00,-16.25,41.7,30885,0,0,0
2011-12-30 16:00:00,-15,44.51,281126,0,0,0
2012-01-04 16:00:00,-16.7,43.06,0,-145471,14023011,-13554426
2012-01-05 16:00:00,-17.51,40.59,0,-247081,0,0
2012-01-06 16:00:00,-17,40.6,1165,0,0,0
2012-01-09 16:00:00,-14.17,46.42,582478,0,11691007,-12145324
2012-01-10 16:00:00,-11.32,52.67,624375,0,0,0
2012-01-11 16:00:00,-11.74,52.75,8583,0,0,0
2012-01-12 16:00:00,-11.76,53.15,39282,0,0,0
2012-01-13 16:00:00,-13.24,50.61,0,-253484,0,0
2012-01-16 16:00:00,-15,48.01,0,-260605,8940838,-10977670
2012-01-17 16:00:00,-10.84,56.31,829938,0,0,0
2012-01-18 16:00:00,-12.23,54.36,0,-194466,0,0
2012-01-19 16:00:00,-10.56,56.81,244654,0,0,0
2012-01-20 16:00:00,-9.26,58.16,134941,0,0,0
2012-01-30 16:00:00,-10.83,56.24,0,-191567,12686542,-11228739
2012-01-31 16:00:00,-10.71,56.6,36406,0,0,0
2012-02-01 16:00:00,-11.98,53.62,0,-298399,0,0
2012-02-02 16:00:00,-9.91,57.01,338845,0,0,0
2012-02-03 16:00:00,-9.19,57.83,82128,0,0,0
2012-02-06 16:00:00,-9.25,58.84,101345,0,15285214,-14762683
2012-02-07 16:00:00,-10.93,56.04,0,-279953,0,0
2012-02-08 16:00:00,-8.39,60.08,403704,0,0,0
2012-02-09 16:00:00,-8.35,60.93,84758,0,0,0
2012-02-10 16:00:00,-8.19,60.75,0,-17757,0,0
2012-02-13 16:00:00,-8.25,61.81,106166,0,14822637,-14832727
2012-02-14 16:00:00,-8.61,61.71,0,-10696,0,0
2012-02-15 16:00:00,-7.61,63.77,206867,0,0,0
2012-02-16 16:00:00,-8.1,62.75,0,-102226,0,0
2012-02-17 16:00:00,-8.07,62.96,21021,0,0,0
2012-02-20 16:00:00,-7.94,63.76,79232,0,10502109,-9972819
2012-02-21 16:00:00,-7.15,67.21,345704,0,0,0
2012-02-22 16:00:00,-5.88,72.06,484368,0,0,0
2012-02-23 16:00:00,-5.56,73.54,148051,0,0,0
2012-02-24 16:00:00,-4.05,76.32,278313,0,0,0
2012-02-27 16:00:00,-3.74,76.81,48590,0,14715368,-15295531
2012-02-28 16:00:00,-3.52,76.98,17094,0,0,0
2012-02-29 16:00:00,-4.55,73.38,0,-360052,0,0
2012-03-01 16:00:00,-4.58,74.22,84107,0,0,0
2012-03-02 16:00:00,-2.89,79.5,528030,0,0,0
2012-03-05 16:00:00,-3.52,80.31,81327,0,12629558,-12046243
2012-03-06 16:00:00,-5.02,78.62,0,-169315,0,0
2012-03-07 16:00:00,-5.68,77.87,0,-74250,0,0
2012-03-08 16:00:00,-4.49,80.96,308405,0,0,0
2012-03-09 16:00:00,-3.46,82.57,160623,0,0,0
2012-03-12 16:00:00,-3.82,82.63,6196,0,16372787,-16982606
2012-03-13 16:00:00,-2.85,84.64,201616,0,0,0
2012-03-14 16:00:00,-5.6,77.02,0,-762324,0,0
2012-03-15 16:00:00,-6.31,76.31,0,-70592,0,0
2012-03-16 16:00:00,-4.93,79.52,320820,0,0,0
2012-03-19 16:00:00,-4.7,81.6,207542,0,16100832,-15494743
2012-03-20 16:00:00,-6.35,78.32,0,-327349,0,0
2012-03-21 16:00:00,-6.23,78.94,61681,0,0,0
2012-03-22 16:00:00,-6.38,76.96,0,-198135,0,0
2012-03-23 16:00:00,-7.49,73.83,0,-312911,0,0
2012-03-26 16:00:00,-7.4,73.6,0,-22672,15563073,-16128305
2012-03-27 16:00:00,-7.7,73.49,0,-11080,0,0
2012-03-28 16:00:00,-10.32,68.31,0,-518739,0,0
2012-03-29 16:00:00,-11.47,65.61,0,-270024,0,0
2012-03-30 16:00:00,-11.05,64.99,0,-61908,0,0
2012-04-05 16:00:00,-8.95,69.66,467359,0,14800982,-14232687
2012-04-06 16:00:00,-8.69,70.17,51025,0,0,0
2012-04-09 16:00:00,-9.59,68.84,0,-133462,13565437,-13566240
2012-04-10 16:00:00,-8.69,71.03,219058,0,0,0
2012-04-11 16:00:00,-8.68,70.72,0,-30578,0,0
2012-04-12 16:00:00,-6.86,74.23,350667,0,0,0
2012-04-13 16:00:00,-6.5,74.17,0,-5730,0,0
2012-04-16 16:00:00,-6.73,74.84,66865,0,14972928,-14989434
2012-04-17 16:00:00,-7.89,71.67,0,-317230,0,0
2012-04-18 16:00:00,-5.79,77.18,551369,0,0,0
2012-04-19 16:00:00,-5.93,76.23,0,-95262.8,0,0
2012-04-20 16:00:00,-4.81,79.99,376298.6,0,0,0
2012-04-23 16:00:00,-5.57,79.96,0,-3044.4,14379905,-14965302.4
2012-04-24 16:00:00,-5.61,78.45,0,-151422,0,0
2012-04-25 16:00:00,-4.85,79.32,87145,0,0,0
2012-04-26 16:00:00,-4.65,81.15,183029,0,0,0
2012-04-27 16:00:00,-4.84,78.95,0,-219679,0,0
2012-05-02 16:00:00,-2.76,84.71,576413,0,13988269,-13388702
2012-05-03 16:00:00,-2.47,85.68,96943,0,0,0
2012-05-04 16:00:00,-1.59,87.1,141219,0,0,0
2012-05-07 16:00:00,-1.52,89.03,193397.8,0,16057687,-17888696
2012-05-08 16:00:00,-1.83,88.08,0,-95050,0,0
2012-05-09 16:00:00,-3.7,83.4,0,-467732,0,0
2012-05-10 16:00:00,-3.71,84.55,114725,0,0,0
2012-05-11 16:00:00,-4.45,82.74,0,-180955,0,0
2012-05-14 16:00:00,-5.22,83.99,124887,0,15920063,-14669789
2012-05-15 16:00:00,-5.16,83.07,0,-91551,0,0
2012-05-16 16:00:00,-6.71,80.73,0,-234249,0,0
2012-05-17 16:00:00,-5.28,81.27,54401,0,0,0
2012-05-18 16:00:00,-6.73,78.03,0,-324742,0,0
2012-05-21 16:00:00,-6.25,79.14,111464,0,16010968,-15387227
2012-05-22 16:00:00,-4.79,81.34,219484.8,0,0,0
2012-05-23 16:00:00,-5.18,80.74,0,-59693,0,0
2012-05-24 16:00:00,-5.96,79.91,0,-83165,0,0
2012-05-25 16:00:00,-6.76,79.1,0,-80356,0,0
2012-05-28 16:00:00,-5.25,83.36,425065,0,13691223,-14856142
2012-05-29 16:00:00,-3.94,84.18,82859,0,0,0
2012-05-30 16:00:00,-4.26,83.5,0,-68699,0,0
2012-05-31 16:00:00,-4.63,82.44,0,-106184,0,0
2012-06-01 16:00:00,-4.59,82.33,0,-10418,0,0
2012-06-04 16:00:00,-7.27,79.34,0,-299558,14379178,-14366903
2012-06-05 16:00:00,-7.28,80.07,73808,0,0,0
2012-06-06 16:00:00,-7.33,79.23,0,-84432,0,0
2012-06-07 16:00:00,-7.88,78.04,0,-119240,0,0
2012-06-08 16:00:00,-8.53,77.48,0,-55705,0,0
2012-06-11 16:00:00,-7.3,80.45,297077.6,0,14207157,-13530206
2012-06-12 16:00:00,-7.95,80.18,0,-26920,0,0
2012-06-13 16:00:00,-6.49,83.93,374877,0,0,0
2012-06-14 16:00:00,-7.22,82.58,0,-135161,0,0
2012-06-15 16:00:00,-6.94,81.5,0,-107770,0,0
2012-06-18 16:00:00,-6.47,82.15,65113,0,18141182,-17518925
2012-06-19 16:00:00,-7.29,80.6,0,-155477,0,0
2012-06-20 16:00:00,-7.5,79.14,0,-145768,0,0
2012-06-21 16:00:00,-8.97,75.98,0,-316041,0,0
2012-06-25 16:00:00,-10.99,74.51,0,-146729,13423228,-15182278
2012-06-26 16:00:00,-11.04,74.05,0,-46305,0,0
2012-06-27 16:00:00,-11.32,74.39,34274,0,0,0
2012-06-28 16:00:00,-12.1,74.3,0,-9646,0,0
2012-06-29 16:00:00,-10.8,75.9,160116,0,0,0
2012-07-02 16:00:00,-10.67,76.92,102088,0,16448149,-14646451
2012-07-03 16:00:00,-10.54,76.83,0,-9072,0,0
2012-07-04 16:00:00,-10.68,75.7,0,-112291,0,0
2012-07-05 16:00:00,-11.93,73.47,0,-223766.2,0,0
2012-07-06 16:00:00,-10.4,78.05,458814.16,0,0,0
2012-07-09 16:00:00,-12.45,76.99,0,-106713,12950985,-13507196
2012-07-10 16:00:00,-12.79,75.87,0,-111423,0,0
2012-07-11 16:00:00,-12.11,77.78,190774,0,0,0
2012-07-12 16:00:00,-11.25,78.86,107611,0,0,0
2012-07-13 16:00:00,-11.2,79.12,26511,0,0,0
2012-07-16 16:00:00,-13.04,77.67,0,-144891,13652932,-13108576
2012-07-17 16:00:00,-12.52,78.2,52989,0,0,0
2012-07-18 16:00:00,-12.51,79.2,99793.2,0,0,0
2012-07-19 16:00:00,-12.15,78.41,0,-78791.4,0,0
2012-07-20 16:00:00,-13.09,75.87,0,-254621,0,0
2012-07-23 16:00:00,-14.29,74.55,0,-132111,16252066,-16199723
2012-07-24 16:00:00,-13.9,75.05,50933,0,0,0
2012-07-25 16:00:00,-14.48,73.34,0,-171295,0,0
2012-07-26 16:00:00,-14.94,71.23,0,-210808,0,0
2012-07-27 16:00:00,-14.88,70.58,0,-65743,0,0
2012-07-30 16:00:00,-15.36,70.43,0,-14495,15885619,-15884601
2012-07-31 16:00:00,-15.47,69.6,0,-83334,0,0
2012-08-01 16:00:00,-14.53,71.77,217307,0,0,0
2012-08-02 16:00:00,-15.39,70.45,0,-132500,0,0
2012-08-03 16:00:00,-14.71,72.2,174977,0,0,0
2012-08-06 16:00:00,-13.56,74.89,269718,0,14878147,-16028464
2012-08-07 16:00:00,-13.44,75.92,102891,0,0,0
2012-08-08 16:00:00,-13.4,75.11,0,-80941,0,0
2012-08-09 16:00:00,-12.61,76.63,151974,0,0,0
2012-08-10 16:00:00,-13.04,76,0,-62992,0,0
2012-08-13 16:00:00,-14.78,73.08,0,-291749,15784868,-14635004
2012-08-14 16:00:00,-14.59,74.43,134290,0,0,0
2012-08-15 16:00:00,-15.51,73.3,0,-113130,0,0
2012-08-16 16:00:00,-15.95,71.44,0,-185795,0,0
2012-08-17 16:00:00,-16.17,70.71,0,-72554,0,0
2012-08-20 16:00:00,-16.59,69.9,0,-81085,14073029,-14626705
2012-08-21 16:00:00,-16.16,72.04,213589,0,0,0
2012-08-22 16:00:00,-16.82,69.87,0,-217007,0,0
2012-08-23 16:00:00,-16.58,70.98,111122,0,0,0
2012-08-24 16:00:00,-17.54,68.23,0,-275080,0,0
2012-08-27 16:00:00,-19.26,66.1,0,-212577,13946433,-13384529
2012-08-28 16:00:00,-18.89,66.61,50801,0,0,0
2012-08-29 16:00:00,-19.74,64.85,0,-175894,0,0
2012-08-30 16:00:00,-19.87,63.24,0,-160760,0,0
2012-08-31 16:00:00,-20.11,63.07,0,-17634,0,0
2012-09-03 16:00:00,-19.25,67.09,402213,0,14138505,-14127538
2012-09-04 16:00:00,-20.12,64.97,0,-212090,0,0
2012-09-05 16:00:00,-20.29,66.34,137624,0,0,0
2012-09-06 16:00:00,-19.64,67.27,92204,0,0,0
2012-09-07 16:00:00,-16.04,74.61,734500,0,0,0
2012-09-10 16:00:00,-15.69,76.85,223619,0,12800369,-13967597
2012-09-11 16:00:00,-16.23,76.65,0,-19826,0,0
2012-09-12 16:00:00,-15.93,78.07,141615,0,0,0
2012-09-13 16:00:00,-16.71,75.93,0,-213807,0,0
2012-09-14 16:00:00,-16.09,77.52,159650,0,0,0
2012-09-17 16:00:00,-18.15,73.44,0,-408658,15330480,-14162878
2012-09-18 16:00:00,-19,70.31,0,-312557,0,0
2012-09-19 16:00:00,-18.61,72.79,248145,0,0,0
2012-09-20 16:00:00,-20.43,68.47,0,-431957,0,0
2012-09-21 16:00:00,-20.32,69.03,55617,0,0,0
2012-09-24 16:00:00,-19.72,70.33,129902,0,14472011,-14473888
2012-09-25 16:00:00,-19.91,69.02,0,-130708,0,0
2012-09-26 16:00:00,-20.83,66.87,0,-214869,0,0
2012-09-27 16:00:00,-18.41,71.37,449435,0,0,0
2012-09-28 16:00:00,-16.91,74.53,315718,0,0,0
2012-10-08 16:00:00,-17.74,74.27,0,-25720,13294336,-13292938
2012-10-09 16:00:00,-15.93,77.3,302834,0,0,0
2012-10-10 16:00:00,-15.78,77.04,0,-26056,0,0
2012-10-11 16:00:00,-16.57,75.15,0,-188517,0,0
2012-10-12 16:00:00,-16.49,75.21,6363,0,0,0
2012-10-15 16:00:00,-16.84,75.18,0,-3049,15717968,-15718475
2012-10-16 16:00:00,-16.72,75.69,50712,0,0,0
2012-10-17 16:00:00,-16.63,75.3,0,-39512,0,0
2012-10-18 16:00:00,-15.35,78.4,310277,0,0,0
2012-10-19 16:00:00,-15.48,78.02,0,-37614,0,0
2012-10-22 16:00:00,-15.15,79.25,122581,0,14199956,-14196925
2012-10-23 16:00:00,-16.22,76.62,0,-262993,0,0
2012-10-24 16:00:00,-16.38,75.97,0,-65059,0,0
2012-10-25 16:00:00,-16.98,74.34,0,-162590,0,0
2012-10-26 16:00:00,-18.55,71.56,0,-277882,0,0
2012-10-29 16:00:00,-18.98,71.55,0,-1242,13601456,-13602164
2012-10-30 16:00:00,-18.84,71.61,5993,0,0,0
2012-10-31 16:00:00,-18.3,72.22,60592,0,0,0
2012-11-01 16:00:00,-16.73,75.15,293574,0,0,0
2012-11-02 16:00:00,-16.41,75.87,72265,0,0,0
2012-11-05 16:00:00,-16.59,75.52,0,-34983,14011662,-14011366
2012-11-06 16:00:00,-16.94,74.47,0,-105420,0,0
2012-11-07 16:00:00,-17.11,73.41,0,-106128,0,0
2012-11-08 16:00:00,-18.64,69.6,0,-381441,0,0
2012-11-09 16:00:00,-18.8,70.3,70120,0,0,0
2012-11-12 16:00:00,-18.4,73.22,292072,0,12490146,-12490346
2012-11-13 16:00:00,-19.83,69.72,0,-350077,0,0
2012-11-14 16:00:00,-19.44,69.6,0,-11989,0,0
2012-11-15 16:00:00,-20.51,66.58,0,-301856,0,0
2012-11-16 16:00:00,-21.11,65.4,0,-117730,0,0
2012-11-19 16:00:00,-21.19,65.94,53604,0,13769637,-14872809
2012-11-20 16:00:00,-21.55,65.28,0,-65849,0,0
2012-11-21 16:00:00,-20.47,67.07,179460,0,0,0
2012-11-22 16:00:00,-21.09,65.26,0,-181602,0,0
2012-11-23 16:00:00,-20.55,65.98,72125,0,0,0
2012-11-26 16:00:00,-21.17,65.95,0,-2384,14894923,-13792176
2012-11-27 16:00:00,-22.07,62.91,0,-304528,0,0
2012-11-28 16:00:00,-22.85,59.62,0,-329257,0,0
2012-11-29 16:00:00,-23.34,58.57,0,-104945,0,0
2012-11-30 16:00:00,-22.47,61.72,315650,0,0,0
2012-12-03 16:00:00,-23.58,60.71,0,-101484,13964492,-13963377
2012-12-04 16:00:00,-22.76,62.54,183050,0,0,0
2012-12-05 16:00:00,-20,68.02,547857,0,0,0
2012-12-06 16:00:00,-20.15,68.5,47933,0,0,0
2012-12-07 16:00:00,-18.59,71.04,253828,0,0,0
2012-12-10 16:00:00,-17.71,73.87,283913,0,14855643,-14856336
2012-12-11 16:00:00,-18.16,72.8,0,-107056,0,0
2012-12-12 16:00:00,-17.83,73.51,70955,0,0,0
2012-12-13 16:00:00,-18.74,70.66,0,-285162,0,0
2012-12-14 16:00:00,-14.63,81.18,1051598,0,0,0
2012-12-17 16:00:00,-14.24,84.04,286430,0,13286091,-13315666
2012-12-18 16:00:00,-14.19,85.15,111293,0,0,0
2012-12-19 16:00:00,-14.08,86.45,129785,0,0,0
2012-12-20 16:00:00,-13.58,89.21,276173,0,0,0
2012-12-21 16:00:00,-14.05,87.68,0,-153838,0,0
2012-12-24 16:00:00,-13.71,89.19,151478,0,14975029,-15560266
2012-12-25 16:00:00,-11.28,92.91,371506,0,0,0
2012-12-26 16:00:00,-10.95,94.09,118879,0,0,0
2012-12-27 16:00:00,-11.42,92.18,0,-191815,0,0
2012-12-28 16:00:00,-10.13,94.99,280962,0,0,0
2012-12-31 16:00:00,-8.58,98.82,383324,0,18224555,-17608994
2013-01-04 16:00:00,-8.53,97.2,0,-161552,0,0
2013-01-07 16:00:00,-8.11,98.79,158962,0,18285724,-18286477
2013-01-08 16:00:00,-8.49,97.11,0,-168048,0,0
2013-01-09 16:00:00,-8.46,95.42,0,-169249,0,0
2013-01-10 16:00:00,-8.3,95.96,54087,0,0,0
2013-01-11 16:00:00,-10.02,91.59,0,-437538,0,0
2013-01-14 16:00:00,-6.59,100.38,879880,0,18482518,-18482343
2013-01-15 16:00:00,-5.94,102.44,205515,0,0,0
2013-01-16 16:00:00,-6.62,102.64,19973,0,0,0
2013-01-17 16:00:00,-7.5,97.53,0,-511347,0,0
2013-01-18 16:00:00,-5.95,99.12,159730,0,0,0
2013-01-21 16:00:00,-5.39,100.51,139145,0,19203283,-19204064
2013-01-22 16:00:00,-5.9,98.72,0,-179362,0,0
2013-01-23 16:00:00,-5.52,98.9,18064,0,0,0
2013-01-24 16:00:00,-6.41,94.42,0,-448482,0,0
2013-01-25 16:00:00,-6.81,94.34,0,-8117,0,0
2013-01-28 16:00:00,-3.91,100.12,578529,0,16872566,-16874479
2013-01-29 16:00:00,-3.04,101.08,95756,0,0,0
2013-01-30 16:00:00,-2.57,99.68,0,-139408,0,0
2013-01-31 16:00:00,-2.64,99.87,18971,0,0,0
2013-02-01 16:00:00,-0.59,102.37,250062,0,0,0
2013-02-04 16:00:00,-0.42,103.18,80083,0,16120152,-16189967
2013-02-05 16:00:00,0.43,104.56,137925,0,0,0
2013-02-06 16:00:00,0.58,105.23,67727,0,0,0
2013-02-07 16:00:00,0.01,104.05,0,-118107,0,0
2013-02-08 16:00:00,0.44,105.25,120200,0,0,0
2013-02-18 16:00:00,-0.81,105.97,71818,0,16406268,-16395188
2013-02-19 16:00:00,-2.69,100.31,0,-566009,0,0
2013-02-20 16:00:00,-2.07,104.99,468101,0,0,0
2013-02-21 16:00:00,-5.4,99.34,0,-565058,0,0
2013-02-22 16:00:00,-5.91,97.21,0,-213344,0,0
2013-02-25 16:00:00,-5.61,98.58,137462,0,17687740,-17625616
2013-02-26 16:00:00,-6.96,96.61,0,-197537,0,0
2013-02-27 16:00:00,-5.98,96.88,27474,0,0,0
2013-02-28 16:00:00,-3.13,99.1,221508,0,0,0
2013-03-01 16:00:00,-3.29,100.75,165395,0,0,0
2013-03-04 16:00:00,-7.75,99.02,0,-173271,10694580,-10696592
2013-03-05 16:00:00,-4.96,102.57,354964,0,0,0
2013-03-06 16:00:00,-3.97,105.31,274391,0,0,0
2013-03-07 16:00:00,-5.08,103.33,0,-198062,0,0
2013-03-08 16:00:00,-5.54,101.26,0,-207131,0,0
2013-03-11 16:00:00,-6.06,101.32,5987,0,17395319,-17393541
2013-03-12 16:00:00,-7.4,97.43,0,-388759,0,0
2013-03-13 16:00:00,-8.41,94.66,0,-277021,0,0
2013-03-14 16:00:00,-8.17,95.73,106805,0,0,0
2013-03-15 16:00:00,-7.97,95.87,14074,0,0,0
2013-03-18 16:00:00,-9.32,94.69,0,-117968,15461040,-15461322
2013-03-19 16:00:00,-8.5,94.88,18647,0,0,0
2013-03-20 16:00:00,-5.42,99.13,424798,0,0,0
2013-03-21 16:00:00,-5.24,100.34,121697,0,0,0
2013-03-22 16:00:00,-5.12,100.17,0,-17686,0,0
2013-03-25 16:00:00,-5.31,99.71,0,-45606,16008211,-16007832
2013-03-26 16:00:00,-6.69,98.35,0,-135578,0,0
2013-03-27 16:00:00,-6.38,99.56,120670,0,0,0
2013-03-28 16:00:00,-9.44,94.12,0,-544484,0,0
2013-03-29 16:00:00,-9.59,93.56,0,-55326,0,0
2013-04-01 16:00:00,-9.66,94.01,44688,0,13362599,-13363622
2013-04-02 16:00:00,-9.9,92.14,0,-186741,0,0
2013-04-03 16:00:00,-10.01,90.96,0,-118342,0,0
2013-04-08 16:00:00,-10.41,89.74,0,-121729,12531708,-13719201
2013-04-09 16:00:00,-9.79,90.22,47793,0,0,0
2013-04-10 16:00:00,-9.94,89.95,0,-27231,0,0
2013-04-11 16:00:00,-10.21,89.25,0,-69513,0,0
2013-04-12 16:00:00,-10.78,87.17,0,-207897,0,0
2013-04-15 16:00:00,-11.7,87.32,14519,0,15563966,-14834160
2013-04-16 16:00:00,-10.88,91.01,369111,0,0,0
2013-04-17 16:00:00,-10.92,90.45,0,-56294,0,0
2013-04-18 16:00:00,-10.68,90.19,0,-26009,0,0
2013-04-19 16:00:00,-8.18,93.5,330890,0,0,0
2013-04-22 16:00:00,-8.3,94.45,95515,0,16585922,-16115489
2013-04-23 16:00:00,-11.24,87.69,0,-676462,0,0
2013-04-24 16:00:00,-9.57,93.89,620380,0,0,0
2013-04-25 16:00:00,-10.57,91.3,0,-258877,0,0
2013-04-26 16:00:00,-11.32,89.47,0,-183071,0,0
2013-05-02 16:00:00,-11.24,91.2,172553,0,14331375,-14330859
2013-05-03 16:00:00,-9.67,94.46,326721,0,0,0
2013-05-06 16:00:00,-8.47,96.87,240491,0,12287884,-12378783
2013-05-07 16:00:00,-8.33,97.33,46107,0,0,0
2013-05-08 16:00:00,-7.86,98.63,130216,0,0,0
2013-05-09 16:00:00,-8.4,99.32,69025,0,0,0
2013-05-10 16:00:00,-7.93,99.96,64349,0,0,0
2013-05-13 16:00:00,-8.3,100.76,79153,0,16583921,-16492145
2013-05-14 16:00:00,-9.65,99.52,0,-124071.4,0,0
2013-05-15 16:00:00,-9.16,101.34,182468.2,0,0,0
2013-05-16 16:00:00,-7.5,105.35,401394.4,0,0,0
2013-05-17 16:00:00,-6.08,106.52,116551.2,0,0,0
2013-05-20 16:00:00,-5.44,110.27,375160.6,0,17722397,-17695633.4
2013-05-21 16:00:00,-5.25,113.04,276392,0,0,0
2013-05-22 16:00:00,-5.13,112.18,0,-85941.2,0,0
2013-05-23 16:00:00,-6.41,111.6,0,-58065.2,0,0
2013-05-24 16:00:00,-5.89,114.33,273440,0,0,0
2013-05-27 16:00:00,-5.8,118.61,428300.2,0,15696466,-15685200
2013-05-28 16:00:00,-4.18,118.67,5732.4,0,0,0
2013-05-29 16:00:00,-4.25,122.47,379641,0,0,0
2013-05-30 16:00:00,-4.54,122.19,0,-28122.2,0,0
2013-05-31 16:00:00,-5.55,116.99,0,-519874.8,0,0
2013-06-03 16:00:00,-5.69,118.1,110897.6,0,17369216,-18055486.6
2013-06-04 16:00:00,-7.03,114.18,0,-391035.4,0,0
2013-06-05 16:00:00,-7.22,114.01,0,-17324,0,0
2013-06-06 16:00:00,-8.4,111.2,0,-281297,0,0
2013-06-07 16:00:00,-9.98,106.88,0,-431918.8,0,0
2013-06-13 16:00:00,-13.04,101.84,0,-503797,14272950,-15498894
2013-06-14 16:00:00,-12.43,104.05,220408,0,0,0
2013-06-17 16:00:00,-12.9,105.72,167910,0,15006403,-13003957
2013-06-18 16:00:00,-12.36,105.71,0,-1642,0,0
2013-06-19 16:00:00,-13.01,106.08,37647,0,0,0
2013-06-20 16:00:00,-15.88,98.73,0,-735702,0,0
2013-06-21 16:00:00,-16.03,99.56,82733,0,0,0
2013-06-24 16:00:00,-21.32,93.27,0,-628893,13901604,-15877664
2013-06-25 16:00:00,-21.53,94.7,143383.4,0,0,0
2013-06-26 16:00:00,-21.43,95.58,88247,0,0,0
2013-06-27 16:00:00,-21.7,94.09,0,-148897,0,0
2013-06-28 16:00:00,-20.26,93.32,0,-77409,0,0
2013-07-01 16:00:00,-19.8,96.39,307193.6,0,16728830,-14690837
2013-07-02 16:00:00,-19.49,96.39,0,-406,0,0
2013-07-03 16:00:00,-20.14,93.82,0,-256548,0,0
2013-07-04 16:00:00,-19.49,96.48,266031,0,0,0
2013-07-05 16:00:00,-19.31,97.45,96912,0,0,0
2013-07-08 16:00:00,-21.6,93.73,0,-372044,13012143,-14282104
2013-07-09 16:00:00,-21.63,92.66,0,-107387,0,0
2013-07-10 16:00:00,-19.41,100.42,776757,0,0,0
2013-07-11 16:00:00,-15.69,109.56,913699,0,0,0
2013-07-12 16:00:00,-17.55,104.53,0,-503254,0,0
2013-07-15 16:00:00,-16.39,109.18,465128,0,18496742,-17188763
2013-07-16 16:00:00,-16.01,111.65,246875.4,0,0,0
2013-07-17 16:00:00,-17.28,108.28,0,-336669,0,0
2013-07-18 16:00:00,-18.64,105.91,0,-237362,0,0
2013-07-19 16:00:00,-20.63,101.88,0,-402740,0,0
2013-07-22 16:00:00,-20.2,104.87,299243,0,13371125,-15230500
2013-07-23 16:00:00,-17.9,108.84,396764,0,0,0
2013-07-24 16:00:00,-18.5,108.95,10563,0,0,0
2013-07-25 16:00:00,-18.92,104.66,0,-428735,0,0
2013-07-26 16:00:00,-19.41,103.48,0,-118366,0,0
2013-07-29 16:00:00,-21.15,101.5,0,-197261,18816348,-16845135
2013-07-30 16:00:00,-20.67,99.36,0,-214078,0,0
2013-07-31 16:00:00,-20.53,99.44,7959,0,0,0
2013-08-01 16:00:00,-18.64,103.96,451472,0,0,0
2013-08-02 16:00:00,-18.57,103.98,2565,0,0,0
2013-08-05 16:00:00,-17.44,107.18,319766.44,0,19023185,-19013117
2013-08-06 16:00:00,-16.89,108.13,94861,0,0,0
2013-08-07 16:00:00,-17.36,108.25,11699,0,0,0
2013-08-08 16:00:00,-17.5,107.73,0,-51280.92,0,0
2013-08-09 16:00:00,-17.16,108.58,84849,0,0,0
2013-08-12 16:00:00,-14.75,119.95,1137026,0,16741244,-16741385
2013-08-13 16:00:00,-14.52,119.88,0,-7372,0,0
2013-08-14 16:00:00,-14.88,117.74,0,-213489,0,0
2013-08-15 16:00:00,-15.88,114.44,0,-329882,0,0
2013-08-16 16:00:00,-16.51,111.39,0,-305364,0,0
2013-08-19 16:00:00,-15.52,115.31,391552,0,16067943,-16747175
2013-08-20 16:00:00,-16.21,114.29,0,-101752,0,0
2013-08-21 16:00:00,-16.35,114.97,67883,0,0,0
2013-08-22 16:00:00,-16.52,113.78,0,-119011,0,0
2013-08-23 16:00:00,-17.13,111.8,0,-197394,0,0
2013-08-26 16:00:00,-15.37,116.02,422007,0,19786429,-19106159
2013-08-27 16:00:00,-15.18,117.52,149939,0,0,0
2013-08-28 16:00:00,-15.64,118.59,106783,0,0,0
2013-08-29 16:00:00,-15.99,117.55,0,-103605,0,0
2013-08-30 16:00:00,-16.15,114.43,0,-312297,0,0
2013-09-02 16:00:00,-15.92,114.05,0,-37878,16423233,-17094564
2013-09-03 16:00:00,-14.68,113.97,0,-8143,0,0
2013-09-04 16:00:00,-14.82,114.61,64003,0,0,0
2013-09-05 16:00:00,-15.15,113.54,0,-106719,0,0
2013-09-06 16:00:00,-14.56,115.86,231128,0,0,0
2013-09-09 16:00:00,-11.56,123.26,740618,0,17343127,-16672298
2013-09-10 16:00:00,-10.32,126.78,351403.04,0,0,0
2013-09-11 16:00:00,-10.03,124.85,0,-192773,0,0
2013-09-12 16:00:00,-9.14,125.68,82898,0,0,0
2013-09-13 16:00:00,-9.81,123.93,0,-174864,0,0
2013-09-16 16:00:00,-10.19,124.67,74057,0,18775816,-20259019
2013-09-17 16:00:00,-12.04,119.17,0,-550382,0,0
2013-09-18 16:00:00,-11.86,122.16,299827,0,0,0
2013-09-23 16:00:00,-10.41,129.12,695267,0,14117644,-12625225
2013-09-24 16:00:00,-11.44,133.35,423077,0,0,0
2013-09-25 16:00:00,-11.98,132.99,0,-35908,0,0
2013-09-26 16:00:00,-13.6,127.78,0,-520454,0,0
2013-09-27 16:00:00,-13.22,130.48,269517,0,0,0
2013-09-30 16:00:00,-12.71,132.82,233949,0,17688161,-17686213
2013-10-08 16:00:00,-11.52,137.34,452367,0,15542730,-15561025
2013-10-09 16:00:00,-11.09,139.95,260955,0,0,0
2013-10-10 16:00:00,-11.97,139.11,0,-83776,0,0
2013-10-11 16:00:00,-10.55,142.6,348783,0,0,0
2013-10-14 16:00:00,-10.41,148.7,609743,0,18702018,-18685508
2013-10-15 16:00:00,-10.59,148.32,0,-38257,0,0
2013-10-16 16:00:00,-12.26,139.65,0,-866348,0,0
2013-10-17 16:00:00,-12.55,138.69,0,-96696,0,0
2013-10-18 16:00:00,-12.09,140.06,137153,0,0,0
2013-10-21 16:00:00,-10.45,146.76,669855,0,19276592,-19275207
2013-10-22 16:00:00,-11.37,145.94,0,-81633,0,0
2013-10-23 16:00:00,-12.36,140.41,0,-552732,0,0
2013-10-24 16:00:00,-13.02,138.23,0,-217904,0,0
2013-10-25 16:00:00,-14.17,134.31,0,-392531,0,0
2013-10-28 16:00:00,-14.27,136.76,245515,0,17329034,-17330278
2013-10-29 16:00:00,-14.05,136.41,0,-34822,0,0
2013-10-30 16:00:00,-12.76,140.44,402058,0,0,0
2013-10-31 16:00:00,-13.99,135.58,0,-485823,0,0
2013-11-01 16:00:00,-13.58,134.41,0,-116764,0,0
2013-11-04 16:00:00,-13.74,133.75,0,-65710,20333330,-20332236
2013-11-05 16:00:00,-13.62,134.74,99184,0,0,0
2013-11-06 16:00:00,-14.72,132.84,0,-190614,0,0
2013-11-07 16:00:00,-15.19,130.71,0,-212533,0,0
2013-11-08 16:00:00,-16.37,127.36,0,-335481,0,0
2013-11-11 16:00:00,-16.08,128.41,105602,0,18130639,-18789805
2013-11-12 16:00:00,-15.21,130.05,163159,0,0,0
2013-11-13 16:00:00,-17.09,126.48,0,-356642,0,0
2013-11-14 16:00:00,-16.49,129.22,273605,0,0,0
2013-11-15 16:00:00,-14.82,132.42,320925,0,0,0
2013-11-18 16:00:00,-11.99,138,557940,0,20148396,-19489767
2013-11-19 16:00:00,-12.59,135.81,0,-219017,0,0
2013-11-20 16:00:00,-12.13,139.52,370690,0,0,0
2013-11-21 16:00:00,-12.67,139.18,0,-34235,0,0
2013-11-22 16:00:00,-13.11,137.44,0,-173711,0,0
2013-11-25 16:00:00,-13.45,137.58,13751,0,15867595,-16626158
2013-11-26 16:00:00,-13.49,137.74,16641,0,0,0
2013-11-27 16:00:00,-12.51,143.25,550946,0,0,0
2013-11-28 16:00:00,-11.6,142.15,0,-110880,0,0
2013-11-29 16:00:00,-11.62,144.05,190824,0,0,0
2013-12-02 16:00:00,-12.35,143.03,0,-102329,19309677,-20159365
2013-12-03 16:00:00,-11.48,144.54,151424,0,0,0
2013-12-04 16:00:00,-10.31,146.4,185580,0,0,0
2013-12-05 16:00:00,-10.56,145.65,0,-75111,0,0
2013-12-06 16:00:00,-11.14,142.36,0,-328652,0,0
2013-12-09 16:00:00,-11.19,142.61,24578,0,23404530,-21795359
2013-12-10 16:00:00,-11.1,142.6,0,-1029,0,0
2013-12-11 16:00:00,-12.57,138.63,0,-396744,0,0
2013-12-12 16:00:00,-12.67,138.19,0,-44445,0,0
2013-12-13 16:00:00,-12.79,138.53,34633,0,0,0
2013-12-16 16:00:00,-14.2,137.99,0,-54249,19054164,-19055552
2013-12-17 16:00:00,-14.61,138.03,3798,0,0,0
2013-12-18 16:00:00,-14.58,137.79,0,-24222,0,0
2013-12-19 16:00:00,-15.48,136.29,0,-150033,0,0
2013-12-20 16:00:00,-17.45,132.83,0,-345375,0,0
2013-12-23 16:00:00,-17.22,134.51,167913,0,18625262,-19319381
2013-12-24 16:00:00,-17.08,134.85,33812,0,0,0
2013-12-25 16:00:00,-16.47,135.51,66204,0,0,0
2013-12-26 16:00:00,-17.91,131.17,0,-434161,0,0
2013-12-27 16:00:00,-16.53,133.59,242073,0,0,0
2013-12-30 16:00:00,-16.68,133.8,21308,0,21854252,-21159743
2013-12-31 16:00:00,-15.57,135.54,173843,0,0,0
2014-01-02 16:00:00,-15.86,134.81,0,-73158,0,0
2014-01-03 16:00:00,-16.99,130.78,0,-403511,0,0
2014-01-06 16:00:00,-18.88,126.51,0,-426412,19178093,-20704611
2014-01-07 16:00:00,-18.9,128.23,171968,0,0,0
2014-01-08 16:00:00,-18.76,129.08,85367,0,0,0
2014-01-09 16:00:00,-19.48,126.8,0,-228043,0,0
2014-01-10 16:00:00,-20.11,122.57,0,-423728,0,0
2014-01-13 16:00:00,-20.51,122.99,42436,0,20035570,-19241063
2014-01-14 16:00:00,-19.82,124.63,163779,0,0,0
2014-01-15 16:00:00,-19.96,125.39,76131,0,0,0
2014-01-16 16:00:00,-19.85,126.62,122718,0,0,0
2014-01-17 16:00:00,-21.06,122.58,0,-404173,0,0
2014-01-20 16:00:00,-21.51,122.62,4776,0,21470222,-20738021
2014-01-21 16:00:00,-20.74,126.04,341293,0,0,0
2014-01-22 16:00:00,-18.69,130.85,481640,0,0,0
2014-01-23 16:00:00,-19.13,130.57,0,-28366,0,0
2014-01-24 16:00:00,-18.63,133.21,264130,0,0,0
2014-01-27 16:00:00,-19.7,132.88,0,-33460,17733033,-17732294
2014-01-28 16:00:00,-19.56,132.02,0,-85552,0,0
2014-01-29 16:00:00,-19.27,135.16,314411,0,0,0
2014-01-30 16:00:00,-20.19,134.91,0,-25841,0,0
2014-02-07 16:00:00,-19.83,139.89,498012,0,16332605,-16334007
2014-02-10 16:00:00,-17.83,145.6,571617,0,19244193,-19243785
2014-02-11 16:00:00,-17.18,146.19,58472,0,0,0
2014-02-12 16:00:00,-16.97,147.19,99956,0,0,0
2014-02-13 16:00:00,-17.4,141.22,0,-597048,0,0
2014-02-14 16:00:00,-16.82,145.38,416293,0,0,0
2014-02-17 16:00:00,-16.24,148.82,344181,0,22201784,-22203011
2014-02-18 16:00:00,-17.29,147.19,0,-163231,0,0
2014-02-19 16:00:00,-16.34,150.07,288063,0,0,0
2014-02-20 16:00:00,-17.11,148.89,0,-117486,0,0
2014-02-21 16:00:00,-17.95,145.04,0,-384949,0,0
2014-02-24 16:00:00,-19.76,144.86,0,-18039,19423273,-19421100
2014-02-25 16:00:00,-21.81,136.58,0,-828758,0,0
2014-02-26 16:00:00,-21.61,137.91,133107,0,0,0
2014-02-27 16:00:00,-21.94,135.49,0,-241576,0,0
2014-02-28 16:00:00,-21.04,136.82,132626,0,0,0
2014-03-03 16:00:00,-20.63,138.86,204130,0,20580353,-20580255
2014-03-04 16:00:00,-20.85,138.55,0,-30625,0,0
2014-03-05 16:00:00,-21.59,133.78,0,-476969,0,0
2014-03-06 16:00:00,-21.24,133.56,0,-22791,0,0
2014-03-07 16:00:00,-21.43,132.2,0,-136004,0,0
2014-03-10 16:00:00,-23.99,126.38,0,-581742,22154954,-22155395
2014-03-11 16:00:00,-23.59,128.64,226193,0,0,0
2014-03-12 16:00:00,-23.39,127.62,0,-101595,0,0
2014-03-13 16:00:00,-22.44,130.36,273126,0,0,0
2014-03-14 16:00:00,-23.08,129.47,0,-88560,0,0
2014-03-17 16:00:00,-22.35,132.05,257813,0,20667722,-20678073
2014-03-18 16:00:00,-22.52,129.98,0,-206763,0,0
2014-03-19 16:00:00,-23.15,129.68,0,-29916,0,0
2014-03-20 16:00:00,-24.38,125.82,0,-386515,0,0
2014-03-21 16:00:00,-21.77,133.93,810958,0,0,0
2014-03-24 16:00:00,-21.13,138.54,461734,0,17966466,-17957633
2014-03-25 16:00:00,-21.21,137.4,0,-114682,0,0
2014-03-26 16:00:00,-21.33,136.04,0,-135740,0,0
2014-03-27 16:00:00,-21.89,134.47,0,-156552,0,0
2014-03-28 16:00:00,-22.02,131.58,0,-289262,0,0
2014-03-31 16:00:00,-22.23,132.59,101268,0,20131353,-20147377
2014-04-01 16:00:00,-21.62,133.17,58043,0,0,0
2014-04-02 16:00:00,-20.98,136.22,304167,0,0,0
2014-04-03 16:00:00,-21.55,134.54,0,-167635,0,0
2014-04-04 16:00:00,-20.81,137,246207,0,0,0
2014-04-08 16:00:00,-18.93,141.41,440866,0,18949188,-18932767
2014-04-09 16:00:00,-18.88,141.61,20459,0,0,0
2014-04-10 16:00:00,-17.61,142.08,46419,0,0,0
2014-04-11 16:00:00,-17.72,141.49,0,-59065,0,0
2014-04-14 16:00:00,-17.8,141.81,31798,0,21023341,-21013534
2014-04-15 16:00:00,-19.21,137.18,0,-462955,0,0
2014-04-16 16:00:00,-19.1,137.99,81237,0,0,0
2014-04-17 16:00:00,-19.38,137.33,0,-65553,0,0
2014-04-18 16:00:00,-19.39,136.87,0,-46342,0,0
2014-04-21 16:00:00,-20.74,135.4,0,-147256,16477407,-18888224
2014-04-22 16:00:00,-20.4,138.01,261511,0,0,0
2014-04-23 16:00:00,-20.47,136.01,0,-200245,0,0
2014-04-24 16:00:00,-20.63,135.75,0,-26321,0,0
2014-04-25 16:00:00,-21.45,134.41,0,-133391,0,0
2014-04-28 16:00:00,-22.64,131.81,0,-259842,17148184,-15292433
2014-04-29 16:00:00,-21.79,132.92,110520,0,0,0
2014-04-30 16:00:00,-21.78,132.11,0,-80784,0,0
2014-05-05 16:00:00,-21.86,132.61,50080,0,16910713,-16324082
2014-05-06 16:00:00,-21.83,132.73,12217,0,0,0
2014-05-07 16:00:00,-22.55,131.02,0,-171924,0,0
2014-05-08 16:00:00,-22.62,131.33,31426,0,0,0
2014-05-09 16:00:00,-22.68,130.76,0,-57413,0,0
2014-05-12 16:00:00,-21,139.39,863130,0,20122560,-20065198
2014-05-13 16:00:00,-21.19,138.59,0,-79984,0,0
2014-05-14 16:00:00,-21.28,137.49,0,-110027,0,0
2014-05-15 16:00:00,-22.31,132.5,0,-499028,0,0
2014-05-16 16:00:00,-22.24,132.18,0,-31315.5,0,0
2014-05-19 16:00:00,-23.36,129.82,0,-235964.5,18534520,-19273438
2014-05-20 16:00:00,-23.33,128.82,0,-100002,0,0
2014-05-21 16:00:00,-22.6,130.41,158506,0,0,0
2014-05-22 16:00:00,-22.79,129.81,0,-59416.44,0,0
2014-05-23 16:00:00,-22.15,131.24,142178,0,0,0
2014-05-26 16:00:00,-21.88,131.86,62817,0,18634708,-17809977
2014-05-27 16:00:00,-22.19,131.8,0,-6955,0,0
2014-05-28 16:00:00,-21.39,135.99,419379,0,0,0
2014-05-29 16:00:00,-21.91,133.39,0,-259497,0,0
2014-05-30 16:00:00,-21.86,133.06,0,-33741,0,0
2014-06-03 16:00:00,-22.1,133.23,17579,0,20147081,-20135111
2014-06-04 16:00:00,-22.88,130.15,0,-308419,0,0
2014-06-05 16:00:00,-22.07,132.1,195346,0,0,0
2014-06-06 16:00:00,-22.65,130.57,0,-152978,0,0
2014-06-09 16:00:00,-22.66,131.06,48463,0,16780768,-16781877
2014-06-10 16:00:00,-21.68,133.24,218800,0,0,0
2014-06-11 16:00:00,-21.7,133.18,0,-6316,0,0
2014-06-12 16:00:00,-21.97,132.31,0,-86836,0,0
2014-06-13 16:00:00,-21.14,133.21,89331.8,0,0,0
2014-06-16 16:00:00,-20.58,134.7,149016,0,21726104,-21654218
2014-06-17 16:00:00,-21.38,133.45,0,-124275,0,0
2014-06-18 16:00:00,-21.72,133.39,0,-6158,0,0
2014-06-19 16:00:00,-22.93,129.02,0,-436990.9,0,0
2014-06-20 16:00:00,-22.57,130.65,162699.5,0,0,0
2014-06-23 16:00:00,-22.67,131.68,103440.1,0,17702300,-19177012.3
2014-06-24 16:00:00,-22.28,132.07,38225,0,0,0
2014-06-25 16:00:00,-22.7,130.66,0,-140297,0,0
2014-06-26 16:00:00,-22.13,132.88,221719,0,0,0
2014-06-27 16:00:00,-22.08,133.09,21433,0,0,0
2014-06-30 16:00:00,-21.55,135.08,198628,0,18702052,-18710501
2014-07-01 16:00:00,-21.57,134.25,0,-83324,0,0
2014-07-02 16:00:00,-21.34,136.55,230615,0,0,0
2014-07-03 16:00:00,-21,136.59,3444,0,0,0
2014-07-04 16:00:00,-21.05,135.93,0,-65792,0,0
2014-07-07 16:00:00,-21.14,137.32,139059,0,21203689,-19671184
2014-07-08 16:00:00,-20.99,138.06,73833,0,0,0
2014-07-09 16:00:00,-22.14,133.82,0,-423471.2,0,0
2014-07-10 16:00:00,-22.35,134.35,52284.8,0,0,0
2014-07-11 16:00:00,-22.17,136.61,226085.8,0,0,0
2014-07-14 16:00:00,-21.3,141.49,488461.6,0,18195206,-18919365.6
2014-07-15 16:00:00,-21.19,139.46,0,-203180,0,0
2014-07-16 16:00:00,-21.34,138.49,0,-96913,0,0
2014-07-17 16:00:00,-21.84,136.91,0,-158649,0,0
2014-07-18 16:00:00,-21.58,137.54,63085.6,0,0,0
2014-07-21 16:00:00,-21.5,139.53,199280,0,22142657,-21322588
2014-07-22 16:00:00,-20.55,141.79,225887,0,0,0
2014-07-23 16:00:00,-20.36,143.73,193790,0,0,0
2014-07-24 16:00:00,-18.94,147.78,405752,0,0,0
2014-07-25 16:00:00,-18.09,150.13,235166,0,0,0
2014-07-28 16:00:00,-15.79,156.9,676942,0,20939821,-22605875
2014-07-29 16:00:00,-15.52,156.19,0,-71126,0,0
2014-07-30 16:00:00,-15.86,154.33,0,-186585,0,0
2014-07-31 16:00:00,-14.84,159.18,485770.6,0,0,0
2014-08-01 16:00:00,-15.59,156.08,0,-310755,0,0
2014-08-04 16:00:00,-13.92,161.1,502244,0,23078630,-21400589
2014-08-05 16:00:00,-14.14,162.3,119550,0,0,0
2014-08-06 16:00:00,-14.37,161.21,0,-108213,0,0
2014-08-07 16:00:00,-15.66,156.36,0,-485001,0,0
2014-08-08 16:00:00,-15.53,157.8,143720.4,0,0,0
2014-08-11 16:00:00,-14.29,161.04,324381,0,23252760,-23263377
2014-08-12 16:00:00,-14.59,162.62,157579,0,0,0
2014-08-13 16:00:00,-14.52,162,0,-62000,0,0
2014-08-14 16:00:00,-15.36,157.65,0,-434587,0,0
2014-08-15 16:00:00,-14.46,161.73,407518,0,0,0
2014-08-18 16:00:00,-13.96,164.61,288310,0,20109247,-20943547
2014-08-19 16:00:00,-13.95,164.18,0,-43462,0,0
2014-08-20 16:00:00,-14.26,163.42,0,-75747,0,0
2014-08-21 16:00:00,-14.69,164.2,78346,0,0,0
2014-08-22 16:00:00,-14.29,164.49,28495,0,0,0
2014-08-25 16:00:00,-15.1,164.46,0,-3263,23788411,-24634440
2014-08-26 16:00:00,-15.78,160.9,0,-355501,0,0
2014-08-27 16:00:00,-15.66,161.08,17495,0,0,0
2014-08-28 16:00:00,-16.25,158.72,0,-235358,0,0
2014-08-29 16:00:00,-15.27,160.98,226252,0,0,0
2014-09-01 16:00:00,-14.65,163.3,231761,0,24361139,-22609708
2014-09-02 16:00:00,-13.52,168.56,525613,0,0,0
2014-09-03 16:00:00,-12.71,172.18,362622,0,0,0
2014-09-04 16:00:00,-12.08,174.51,232802,0,0,0
2014-09-05 16:00:00,-11.25,178.7,418795,0,0,0
2014-09-09 16:00:00,-11.4,181.33,263092,0,18583887,-20430316
2014-09-10 16:00:00,-11.86,180.75,0,-58112,0,0
2014-09-11 16:00:00,-12.18,177.76,0,-299127,0,0
2014-09-12 16:00:00,-11.64,181.48,372375,0,0,0
2014-09-15 16:00:00,-11.69,181.15,0,-32829,22433755,-23374801
2014-09-16 16:00:00,-13.44,171.17,0,-998391,0,0
2014-09-17 16:00:00,-12.99,173.13,196147,0,0,0
2014-09-18 16:00:00,-12.72,174.2,106396,0,0,0
2014-09-19 16:00:00,-12.12,179.53,533743,0,0,0
2014-09-22 16:00:00,-13.8,178.51,0,-102114,20456403,-21373759
2014-09-23 16:00:00,-13.05,181.57,305489,0,0,0
2014-09-24 16:00:00,-11.52,185.3,373011,0,0,0
2014-09-25 16:00:00,-11.69,188.69,339222.2,0,0,0
2014-09-26 16:00:00,-11.69,187.8,0,-88792.8,0,0
2014-09-29 16:00:00,-11.3,189.42,161899,0,22051034,-18346421.4
2014-09-30 16:00:00,-11.19,189.56,13456,0,0,0
2014-10-08 16:00:00,-10.19,193.66,410591,0,21325853,-22307229
2014-10-09 16:00:00,-10.06,192.9,0,-76273,0,0
2014-10-10 16:00:00,-10.61,190.79,0,-210767,0,0
2014-10-13 16:00:00,-11.04,193.22,242527,0,22147994,-21168346
2014-10-14 16:00:00,-11.35,191.08,0,-213727,0,0
2014-10-15 16:00:00,-10.72,193.32,224569,0,0,0
2014-10-16 16:00:00,-11.43,187.7,0,-562429,0,0
2014-10-17 16:00:00,-11.52,185.96,0,-173776,0,0
2014-10-20 16:00:00,-11.05,187.45,148694,0,23758486,-23757371
2014-10-21 16:00:00,-11.82,183.25,0,-419607,0,0
2014-10-22 16:00:00,-12.36,180.29,0,-296431,0,0
2014-10-23 16:00:00,-13.18,177.91,0,-238189,0,0
2014-10-24 16:00:00,-13.37,176.88,0,-102681,0,0
2014-10-27 16:00:00,-14.16,176.21,0,-67184,16485514,-20809965
2014-10-28 16:00:00,-12.43,180.23,402143,0,0,0
2014-10-29 16:00:00,-11.17,182.59,236415,0,0,0
2014-10-30 16:00:00,-10.54,185.92,332919,0,0,0
2014-10-31 16:00:00,-9.11,186.72,79545,0,0,0
2014-11-03 16:00:00,-8.96,189.71,298703,0,22872321,-18548616
2014-11-04 16:00:00,-8.93,193.46,375034,0,0,0
2014-11-05 16:00:00,-9.29,193.4,0,-5730,0,0
2014-11-06 16:00:00,-9.19,195.32,191703,0,0,0
2014-11-07 16:00:00,-9.33,194.12,0,-120074,0,0
2014-11-10 16:00:00,-7.03,200.36,624441,0,23704964,-23705766
2014-11-11 16:00:00,-7.29,197.53,0,-283128,0,0
2014-11-12 16:00:00,-5.99,207.17,964453,0,0,0
2014-11-13 16:00:00,-6.52,206.88,0,-29471,0,0
2014-11-14 16:00:00,-6.47,205.34,0,-153632,0,0
2014-11-17 16:00:00,-6.98,204,0,-134290,20626134,-21691852
2014-11-18 16:00:00,-7.91,199.52,0,-448217,0,0
2014-11-19 16:00:00,-8.06,199.84,32794,0,0,0
2014-11-20 16:00:00,-8.07,199.69,0,-14993,0,0
2014-11-21 16:00:00,-6.39,203.75,405413,0,0,0
2014-11-24 16:00:00,-4,216.89,1314218,0,24660889,-23593626
2014-11-25 16:00:00,-2.69,219.66,276514,0,0,0
2014-11-26 16:00:00,-1.33,230.66,1100653,0,0,0
2014-11-27 16:00:00,-0.19,241.89,1122768,0,0,0
2014-11-28 16:00:00,1.78,244.94,304675,0,0,0
2014-12-01 16:00:00,2.18,245.43,48901,0,27975013,-27975151
2014-12-02 16:00:00,5.95,256.92,1149029,0,0,0
2014-12-03 16:00:00,7.53,258.93,200920,0,0,0
2014-12-04 16:00:00,12.49,274.87,1594430,0,0,0
2014-12-05 16:00:00,13.23,272.25,0,-261531,0,0
2014-12-08 16:00:00,17.87,292.57,2031056,0,31978246,-31979051
2014-12-09 16:00:00,12.58,267.28,0,-2528609,0,0
2014-12-10 16:00:00,16.74,274.83,755371,0,0,0
2014-12-11 16:00:00,15.34,265.03,0,-980663,0,0
2014-12-12 16:00:00,15.71,267.98,295322,0,0,0
2014-12-15 16:00:00,16.58,278.52,1054391,0,34358596,-34336949
2014-12-16 16:00:00,19.7,282.85,432863,0,0,0
2014-12-17 16:00:00,21.77,282.85,276,0,0,0
2014-12-18 16:00:00,21.24,287.96,510257,0,0,0
2014-12-19 16:00:00,22.59,293.85,589079,0,0,0
2014-12-22 16:00:00,23,297.19,333732,0,31858678,-33524845
2014-12-23 16:00:00,20.48,280.9,0,-1628752,0,0
2014-12-24 16:00:00,17.06,269.91,0,-1098282,0,0
2014-12-25 16:00:00,20.86,287.53,1761700,0,0,0
2014-12-26 16:00:00,24.86,296.56,902521,0,0,0
2014-12-29 16:00:00,25.21,303.27,671760,0,33645823,-31980439
2014-12-30 16:00:00,25.29,300.01,0,-326761,0,0
2014-12-31 16:00:00,28.05,312.1,1209678,0,0,0
2015-01-05 16:00:00,31.95,328.51,1640769,0,29037063,-30421359
2015-01-06 16:00:00,31.94,323.98,0,-453586,0,0
2015-01-07 16:00:00,32.04,323.11,0,-87017,0,0
2015-01-08 16:00:00,28.97,313.96,0,-915043,0,0
2015-01-09 16:00:00,28.52,312.69,0,-126280,0,0
2015-01-12 16:00:00,27.32,319.2,650938,0,35531445,-35458527
2015-01-13 16:00:00,27.33,326.45,725298,0,0,0
2015-01-14 16:00:00,26.91,323.36,0,-309489,0,0
2015-01-15 16:00:00,30.6,325.38,201965,0,0,0
2015-01-16 16:00:00,31.72,333.29,791226,0,0,0
2015-01-19 16:00:00,21.58,323.9,0,-939021,23940823,-26834024
2015-01-20 16:00:00,23.06,340,1609963,0,0,0
2015-01-21 16:00:00,28.6,347.23,722679,0,0,0
2015-01-22 16:00:00,29.27,350.99,376604,0,0,0
2015-01-23 16:00:00,29.42,344.08,0,-691018,0,0
2015-01-26 16:00:00,30.74,355.63,1155032,0,40055731,-35924503
2015-01-27 16:00:00,29.54,352.45,0,-318366,0,0
2015-01-28 16:00:00,27.74,343.62,0,-882989,0,0
2015-01-29 16:00:00,26.17,339.11,0,-451214,0,0
2015-01-30 16:00:00,24.45,335.2,0,-390950,0,0
2015-02-02 16:00:00,21.53,331.18,0,-401505,34197639,-36974404
2015-02-03 16:00:00,24.56,337.33,614552,0,0,0
2015-02-04 16:00:00,23.27,333.49,0,-383764,0,0
2015-02-05 16:00:00,22,331.79,0,-170212,0,0
2015-02-06 16:00:00,20.03,322.23,0,-956075,0,0
2015-02-09 16:00:00,21.24,329.5,727299,0,36461733,-33610179
2015-02-10 16:00:00,23.45,335.8,629815,0,0,0
2015-02-11 16:00:00,24.44,339.23,342626,0,0,0
2015-02-12 16:00:00,24.75,340.3,107737,0,0,0
2015-02-13 16:00:00,25.73,343.36,305170,0,0,0
2015-02-16 16:00:00,26.81,359.6,1624113,0,39899299,-39898262
2015-02-17 16:00:00,27.63,360.63,102976,0,0,0
2015-02-25 16:00:00,26.05,362.84,221584,0,37012377,-37033130
2015-02-26 16:00:00,29.23,367.05,420670,0,0,0
2015-02-27 16:00:00,29.46,371.17,412032,0,0,0
2015-03-02 16:00:00,30.49,378.93,775742,0,38195635,-38244123
2015-03-03 16:00:00,27.11,374.67,0,-425514,0,0
2015-03-04 16:00:00,27.94,375.68,100407,0,0,0
2015-03-05 16:00:00,26.69,377.09,141038,0,0,0
2015-03-06 16:00:00,26.05,367.22,0,-986577,0,0
2015-03-09 16:00:00,28.19,367.3,7986,0,32262469,-39747592
2015-03-10 16:00:00,27.57,371.33,403210,0,0,0
2015-03-11 16:00:00,27.72,368.97,0,-235999,0,0
2015-03-12 16:00:00,30.19,368.43,0,-53931,0,0
2015-03-13 16:00:00,31.09,371.38,295087,0,0,0
2015-03-16 16:00:00,34.28,382.04,1065332,0,39474479,-31921562
2015-03-17 16:00:00,36.14,386.86,482401,0,0,0
2015-03-18 16:00:00,39.36,395.25,838612,0,0,0
2015-03-19 16:00:00,39.14,390.92,0,-433118,0,0
2015-03-20 16:00:00,41.05,392.79,187072,0,0,0
2015-03-23 16:00:00,43.93,403.63,1084650,0,41184282,-41185325
2015-03-24 16:00:00,43.97,404.29,65345,0,0,0
2015-03-25 16:00:00,42.78,403.1,0,-118186,0,0
2015-03-26 16:00:00,43.13,400.12,0,-298651,0,0
2015-03-27 16:00:00,43.92,408.52,840491,0,0,0
2015-03-30 16:00:00,48.14,424.1,1557778,0,39134415,-39134328
2015-03-31 16:00:00,46.8,416.77,0,-733304,0,0
2015-04-01 16:00:00,49.43,427.62,1085156,0,0,0
2015-04-02 16:00:00,49.46,429.69,207222,0,0,0
2015-04-03 16:00:00,51.12,431.82,212370,0,0,0
2015-04-07 16:00:00,54.37,441.51,969208,0,41646857,-41645950
2015-04-08 16:00:00,55.66,440.02,0,-148554,0,0
2015-04-09 16:00:00,54.44,443.18,315608,0,0,0
2015-04-10 16:00:00,57.42,455.31,1212926,0,0,0
2015-04-13 16:00:00,60.2,463.67,836050,0,37299345,-37283795
2015-04-14 16:00:00,60.82,465.09,142009,0,0,0
2015-04-15 16:00:00,58.73,451.03,0,-1405909,0,0
2015-04-16 16:00:00,63.55,465.27,1423807,0,0,0
2015-04-17 16:00:00,66.54,473.14,787637,0,0,0
2015-04-20 16:00:00,63.85,480.86,771737,0,49665522,-49995600
2015-04-21 16:00:00,67.38,488.52,765645,0,0,0
2015-04-22 16:00:00,71.75,498.22,970790,0,0,0
2015-04-23 16:00:00,71.79,499.37,114080,0,0,0
2015-04-24 16:00:00,70.4,496.16,0,-320236,0,0
2015-04-27 16:00:00,74.21,497.76,160064,0,48697164,-48368641
2015-04-28 16:00:00,71.82,477.3,0,-2045937,0,0
2015-04-29 16:00:00,73,495.74,1843495,0,0,0
2015-04-30 16:00:00,72.12,491.08,0,-465844.2,0,0
2015-05-04 16:00:00,73.49,503.18,1210190,0,41802486,-41764952
2015-05-05 16:00:00,66.57,468.96,0,-3421809,0,0
2015-05-06 16:00:00,64.99,459.76,0,-920128,0,0
2015-05-07 16:00:00,61.98,446.03,0,-1373669,0,0
2015-05-08 16:00:00,65.18,458.99,1295827,0,0,0
2015-05-11 16:00:00,69.96,478.42,1943451,0,46943348,-47216014
2015-05-12 16:00:00,72.03,493.54,1512496.4,0,0,0
2015-05-13 16:00:00,70.98,498.79,524465.2,0,0,0
2015-05-14 16:00:00,70.34,493.32,0,-546484.4,0,0
2015-05-15 16:00:00,67.32,492.39,0,-93716.1,0,0
2015-05-18 16:00:00,65.78,509.15,1676465.9,0,41628770,-41313681.4
2015-05-19 16:00:00,71.44,518.18,902655,0,0,0
2015-05-20 16:00:00,72.3,528.08,990127,0,0,0
2015-05-21 16:00:00,75.42,546.58,1849783,0,0,0
2015-05-22 16:00:00,79.42,550.18,360532,0,0,0
2015-05-25 16:00:00,84.78,562.31,1212520,0,50296525,-50284830
2015-05-26 16:00:00,88.39,573.14,1082710,0,0,0
2015-05-27 16:00:00,87.75,573.28,14460,0,0,0
2015-05-28 16:00:00,75.16,530.59,0,-4269385,0,0
2015-05-29 16:00:00,75.41,533.27,268835.2,0,0,0
2015-06-01 16:00:00,83.94,563.34,3006973,0,45000397,-44964275
2015-06-02 16:00:00,87.04,578.5,1515759.8,0,0,0
2015-06-03 16:00:00,86.38,571.1,0,-740283,0,0
2015-06-04 16:00:00,87.75,561.08,0,-1001512,0,0
2015-06-05 16:00:00,89.53,571.55,1047117,0,0,0
2015-06-08 16:00:00,94,573.21,165457,0,43185986,-43175720
2015-06-09 16:00:00,92.68,564.94,0,-826645.5,0,0
2015-06-10 16:00:00,92.38,566.89,195092.88,0,0,0
2015-06-11 16:00:00,92.29,571.92,502179.65,0,0,0
2015-06-12 16:00:00,93.32,580.61,869107.75,0,0,0
2015-06-15 16:00:00,89.19,586.5,589476.55,0,47546192,-47514599.65
2015-06-16 16:00:00,83.53,566.03,0,-2047438.2,0,0
2015-06-17 16:00:00,86.21,570.7,467567.1,0,0,0
2015-06-18 16:00:00,78.66,556.65,0,-1405286.68,0,0
2015-06-19 16:00:00,68.03,523.85,0,-3280287.97,0,0
2015-06-23 16:00:00,73.43,544.56,2071030.39,0,41439317,-41477564.08
2015-06-24 16:00:00,76.83,559.02,1446402,0,0,0
2015-06-25 16:00:00,70.54,540.45,0,-1857355,0,0
2015-06-26 16:00:00,57.12,507.02,0,-3342754,0,0
2015-06-29 16:00:00,51.88,519.88,1285845,0,22710454,-28562861
2015-06-30 16:00:00,62.08,537.3,1741731.88,0,0,0
2015-07-01 16:00:00,54.11,519.03,0,-1826929,0,0
2015-07-02 16:00:00,48.86,500.65,0,-1837667,0,0
2015-07-03 16:00:00,40.81,478.72,0,-2193499,0,0
2015-07-06 16:00:00,44.89,498.01,1929946,0,16111271,-31326126
2015-07-07 16:00:00,42.33,501.78,376073.6,0,0,0
2015-07-08 16:00:00,32.73,490.76,0,-1101616,0,0
2015-07-09 16:00:00,41.23,500.31,954642,0,0,0
2015-07-10 16:00:00,48.8,504.77,446041,0,0,0
2015-07-13 16:00:00,52.62,518.55,1378727,0,35549446,-14200808
2015-07-14 16:00:00,49.01,503.52,0,-1503296,0,0
2015-07-15 16:00:00,43.74,472.84,0,-3067686,0,0
2015-07-16 16:00:00,44.85,483.99,1114166.2,0,0,0
2015-07-17 16:00:00,50.43,505.24,2125591,0,0,0
2015-07-20 16:00:00,50.76,508.26,301726,0,33428356,-33387141
2015-07-21 16:00:00,50.96,509.35,108758.08,0,0,0
2015-07-22 16:00:00,50.64,511.66,230970,0,0,0
2015-07-23 16:00:00,54.03,526.55,1489738,0,0,0
2015-07-24 16:00:00,51.33,520.63,0,-592706,0,0
2015-07-27 16:00:00,38.37,487.05,0,-3358086.64,32336591,-32324774
2015-07-28 16:00:00,38.1,477.04,0,-1000920,0,0
2015-07-29 16:00:00,42.42,503.35,2631186,0,0,0
2015-07-30 16:00:00,38.25,492.62,0,-1072463,0,0
2015-07-31 16:00:00,38.3,484.28,0,-834781,0,0
2015-08-03 16:00:00,38.76,494.57,1029906,0,31700647,-31700294
2015-08-04 16:00:00,43.06,506.26,1168410,0,0,0
2015-08-05 16:00:00,40.12,495.27,0,-1098560,0,0
2015-08-06 16:00:00,38.85,486.35,0,-892744,0,0
2015-08-07 16:00:00,41.57,494.24,789526,0,0,0
2015-08-10 16:00:00,48,511.66,1742187,0,34936357,-34935387
2015-08-11 16:00:00,47.36,511.46,0,-20499,0,0
2015-08-12 16:00:00,45.53,510.25,0,-121248,0,0
2015-08-13 16:00:00,47.68,517.92,767577,0,0,0
2015-08-14 16:00:00,47.61,516.23,0,-168827,0,0
2015-08-17 16:00:00,47.76,526.04,980900,0,30114396,-30114285
2015-08-18 16:00:00,38.62,492.12,0,-3391663.96,0,0
2015-08-19 16:00:00,40.82,501.19,906479.8,0,0,0
2015-08-20 16:00:00,36.3,476.27,0,-2491675,0,0
2015-08-21 16:00:00,30.07,453.49,0,-2278142,0,0
2015-08-24 16:00:00,18.69,428.81,0,-2467912,8893891,-30811645
2015-08-25 16:00:00,10.26,418.03,0,-1078274,0,0
2015-08-26 16:00:00,9.64,409.86,0,-816569,0,0
2015-08-27 16:00:00,16.16,411.77,190975,0,0,0
2015-08-28 16:00:00,21.11,416.68,491092.6,0,0,0
2015-08-31 16:00:00,21.99,420.76,407165,0,31568877,-9628530
2015-09-01 16:00:00,21.83,415.78,0,-497409,0,0
2015-09-02 16:00:00,21.96,417.18,139941,0,0,0
2015-09-07 16:00:00,17.78,406.8,0,-1038512,26761706,-26761666
2015-09-08 16:00:00,20.81,416.56,975865,0,0,0
2015-09-09 16:00:00,23.18,419.81,325168,0,0,0
2015-09-10 16:00:00,21.66,410.46,0,-934963,0,0
2015-09-11 16:00:00,21.29,410.31,0,-14531,0,0
2015-09-14 16:00:00,18.89,403.14,0,-717206,33003082,-33003881
2015-09-15 16:00:00,14.22,383.98,0,-1915727,0,0
2015-09-16 16:00:00,19.91,400.46,1647710,0,0,0
2015-09-17 16:00:00,17.29,388.79,0,-1167054,0,0
2015-09-18 16:00:00,17.81,384.17,0,-461903.08,0,0
2015-09-21 16:00:00,19.88,389.47,529994,0,27543397,-27500539
2015-09-22 16:00:00,20.99,388.2,0,-127469,0,0
2015-09-23 16:00:00,18.24,380.24,0,-795680,0,0
2015-09-24 16:00:00,19.03,383.6,336409,0,0,0
2015-09-25 16:00:00,17.11,368.23,0,-1537304,0,0
2015-09-28 16:00:00,17.5,375.42,719510,0,33752271,-33739080
2015-09-29 16:00:00,15.19,368.71,0,-671226.8,0,0
2015-09-30 16:00:00,16.06,372.78,406532,0,0,0
2015-10-08 16:00:00,19.45,387.75,1497451,0,35606454,-35594443
2015-10-09 16:00:00,21.03,395.17,742065,0,0,0
2015-10-12 16:00:00,24.93,407.76,1258563.52,0,34621166,-34657345
2015-10-13 16:00:00,24.83,408.91,115391,0,0,0
2015-10-14 16:00:00,23.42,402.65,0,-626653,0,0
2015-10-15 16:00:00,26.35,417.23,1458038,0,0,0
2015-10-16 16:00:00,28.06,423.47,624471,0,0,0
2015-10-19 16:00:00,28.06,430.47,699421,0,42847368,-42807060
2015-10-20 16:00:00,29.64,437.47,700677,0,0,0
2015-10-21 16:00:00,25.86,403.7,0,-3376779,0,0
2015-10-22 16:00:00,27.71,422.11,1840435,0,0,0
2015-10-23 16:00:00,29.41,436.79,1468233.4,0,0,0
2015-10-26 16:00:00,30.06,443.64,685202,0,37522160,-37529103
2015-10-27 16:00:00,30.19,447.08,343546,0,0,0
2015-10-28 16:00:00,27.73,431.28,0,-1580029,0,0
2015-10-29 16:00:00,28.03,431.85,57086,0,0,0
2015-10-30 16:00:00,28.06,433.39,153692,0,0,0
2015-11-02 16:00:00,25.95,422.93,0,-1045915,46104186,-46084652
2015-11-03 16:00:00,25.57,419.86,0,-307114,0,0
2015-11-04 16:00:00,31.48,448.93,2907085,0,0,0
2015-11-05 16:00:00,34.29,457.43,850420,0,0,0
2015-11-06 16:00:00,37.46,475.21,1778110,0,0,0
2015-11-09 16:00:00,39.16,477.67,245559,0,43644792,-43644124
2015-11-10 16:00:00,38.9,481.92,425254,0,0,0
2015-11-11 16:00:00,38.91,490.59,866609,0,0,0
2015-11-12 16:00:00,37.53,482.93,0,-766053,0,0
2015-11-13 16:00:00,35.75,481.57,0,-135529,0,0
2015-11-16 16:00:00,36.4,485.25,367602,0,41138262,-41137930
2015-11-17 16:00:00,36.19,483.15,0,-209624,0,0
2015-11-18 16:00:00,34.64,461.09,0,-2206154,0,0
2015-11-19 16:00:00,36.79,473.32,1222818,0,0,0
2015-11-20 16:00:00,36.77,472.9,0,-42001,0,0
2015-11-23 16:00:00,36,479.38,648754,0,41485337,-41485723
2015-11-24 16:00:00,36.02,479.51,13036,0,0,0
2015-11-25 16:00:00,37.03,489.72,1020317,0,0,0
2015-11-26 16:00:00,36.23,480.9,0,-881926,0,0
2015-11-27 16:00:00,28.89,447.92,0,-3298225,0,0
2015-11-30 16:00:00,29.23,457.49,957740,0,32929797,-43138675
2015-12-01 16:00:00,30.15,457.17,0,-32262,0,0
2015-12-02 16:00:00,34.87,463.41,623736,0,0,0
2015-12-03 16:00:00,35.86,469.83,641820,0,0,0
2015-12-04 16:00:00,33.26,463.45,0,-638022,0,0
2015-12-07 16:00:00,33.62,466.71,326390.4,0,44571090,-34358229
2015-12-08 16:00:00,31.28,452.82,0,-1389056,0,0
2015-12-09 16:00:00,31.75,453.95,113087,0,0,0
2015-12-10 16:00:00,31.28,451.28,0,-266955,0,0
2015-12-11 16:00:00,30.74,448.7,0,-258510,0,0
2015-12-14 16:00:00,34.48,465.41,1671534,0,35608694,-35780861
2015-12-15 16:00:00,33.87,463.39,0,-201735,0,0
2015-12-16 16:00:00,33.54,462.72,0,-67786,0,0
2015-12-17 16:00:00,36.1,473.95,1122922,0,0,0
2015-12-18 16:00:00,36.53,472.9,0,-104837,0,0
2015-12-21 16:00:00,40.09,483.5,1060084,0,41806301,-41633604
2015-12-22 16:00:00,40.48,491,750084,0,0,0
2015-12-23 16:00:00,40.1,487.84,0,-315670,0,0
2015-12-24 16:00:00,38.76,476.21,0,-1163463,0,0
2015-12-25 16:00:00,39.08,476.86,65615,0,0,0
2015-12-28 16:00:00,35.07,464.47,0,-1239316,44214859,-44216831
2015-12-29 16:00:00,36.31,470.71,623630,0,0,0
2015-12-30 16:00:00,36.43,468.6,0,-210644.08,0,0
2015-12-31 16:00:00,35.2,459.69,0,-890639.72,0,0
2016-01-04 16:00:00,25.7,426.69,0,-3300745.28,42746232,-44200468.28
2016-01-05 16:00:00,26.06,430.67,398188,0,0,0
2016-01-06 16:00:00,28.27,438.62,795060,0,0,0
2016-01-07 16:00:00,19.37,407,0,-3162237,0,0
2016-01-08 16:00:00,21.81,416.27,927641,0,0,0
2016-01-11 16:00:00,15.68,401.12,0,-1515508,32422948,-33499642
2016-01-12 16:00:00,16.52,401.84,72244,0,0,0
2016-01-13 16:00:00,14.36,394.3,0,-753694,0,0
2016-01-14 16:00:00,16.74,404.22,991383,0,0,0
2016-01-15 16:00:00,13.01,387.74,0,-1647213,0,0
2016-01-18 16:00:00,13.44,387.7,0,-4762,38453674,-36313851
2016-01-19 16:00:00,16.79,400.71,1301012,0,0,0
2016-01-20 16:00:00,15.03,392,0,-870376,0,0
2016-01-21 16:00:00,11.65,375.62,0,-1638137,0,0
2016-01-22 16:00:00,12.82,380.49,486613,0,0,0
2016-01-25 16:00:00,13.38,382.91,242496,0,42238956,-41847864
2016-01-26 16:00:00,6.55,348.02,0,-3489130,0,0
2016-01-27 16:00:00,6.18,350.73,271186,0,0,0
2016-01-28 16:00:00,3.41,334.14,0,-1659564,0,0
2016-01-29 16:00:00,6.75,349.44,1530339,0,0,0
2016-02-01 16:00:00,5.12,346.26,0,-318423,35907862,-35907699
2016-02-02 16:00:00,7.31,356.4,1014731,0,0,0
2016-02-03 16:00:00,6.85,354.7,0,-170898,0,0
2016-02-04 16:00:00,8.15,359.49,479454,0,0,0
2016-02-05 16:00:00,7.39,354.79,0,-470360,0,0
2016-02-15 16:00:00,6.78,358.68,389756,0,34020926,-34019884
2016-02-16 16:00:00,10.05,370.28,1159990,0,0,0
2016-02-17 16:00:00,11,372.45,216816,0,0,0
2016-02-18 16:00:00,10.65,368.44,0,-400951,0,0
2016-02-19 16:00:00,10.58,367.8,0,-63915,0,0
2016-02-22 16:00:00,13.01,376.47,866454,0,33543506,-33544645
2016-02-23 16:00:00,11.95,374.91,0,-155687,0,0
2016-02-24 16:00:00,12.68,377.19,228147,0,0,0
2016-02-25 16:00:00,5.76,342.66,0,-3453334,0,0
2016-02-26 16:00:00,6.82,345.22,256452,0,0,0
2016-02-29 16:00:00,4.27,339.12,0,-610400,35241921,-36962845
2016-03-01 16:00:00,6.2,345.88,675805,0,0,0
2016-03-02 16:00:00,10.57,360.98,1509724,0,0,0
2016-03-03 16:00:00,10.82,363.3,232336,0,0,0
2016-03-04 16:00:00,12.11,368.06,476085,0,0,0
2016-03-07 16:00:00,12.51,366.95,0,-111368,31893931,-30173386
2016-03-08 16:00:00,12.61,366.21,0,-73948,0,0
2016-03-09 16:00:00,11.31,356.89,0,-931255,0,0
2016-03-10 16:00:00,9.18,347.09,0,-980541,0,0
2016-03-11 16:00:00,9.37,346.91,0,-17325,0,0
2016-03-14 16:00:00,11.09,355.81,889454,0,35839973,-35838954
2016-03-15 16:00:00,11.42,356.02,20552,0,0,0
2016-03-16 16:00:00,11.97,354.02,0,-199402,0,0
2016-03-17 16:00:00,13.21,364.28,1026127,0,0,0
2016-03-18 16:00:00,14.94,374.48,1020099,0,0,0
2016-03-21 16:00:00,17.75,391,1651381,0,42367072,-42366721
2016-03-22 16:00:00,16.89,386.94,0,-405469,0,0
2016-03-23 16:00:00,17.26,394.7,775898,0,0,0
2016-03-24 16:00:00,15.3,380.44,0,-1426287,0,0
2016-03-25 16:00:00,15.88,382.74,230019,0,0,0
2016-03-28 16:00:00,14.86,381.37,0,-137021,40316950,-40316998
2016-03-29 16:00:00,13.61,373.6,0,-777166,0,0
2016-03-30 16:00:00,16.54,385.39,1179692,0,0,0
2016-03-31 16:00:00,16.61,384.72,0,-67802,0,0
2016-04-01 16:00:00,16.75,383.41,0,-130829,0,0
2016-04-05 16:00:00,18.29,391.5,808825,0,42533664,-42535162
2016-04-06 16:00:00,18.04,391.1,0,-39306,0,0
2016-04-07 16:00:00,16.29,381.12,0,-998064.4,0,0
2016-04-08 16:00:00,15.44,378.25,0,-287371,0,0
2016-04-11 16:00:00,17.04,392.74,1449621,0,29823134,-29819502
2016-04-12 16:00:00,16.62,392.59,0,-15674.6,0,0
2016-04-13 16:00:00,18.18,398.87,628008,0,0,0
2016-04-14 16:00:00,18.7,401.99,311823,0,0,0
2016-04-15 16:00:00,18.57,397.65,0,-433891,0,0
2016-04-18 16:00:00,16.99,392.43,0,-521284.4,40390785,-40372871.6
2016-04-19 16:00:00,17.34,393.27,83588,0,0,0
2016-04-20 16:00:00,15.27,382.28,0,-1099461,0,0
2016-04-21 16:00:00,14.53,381.26,0,-101596,0,0
2016-04-22 16:00:00,15.04,381.92,65969,0,0,0
2016-04-25 16:00:00,14.58,382.06,13871,0,40676999,-40627478
2016-04-26 16:00:00,15.2,382.36,30434,0,0,0
2016-04-27 16:00:00,14.72,379.9,0,-246592,0,0
2016-04-28 16:00:00,14.53,379.74,0,-15667,0,0
2016-04-29 16:00:00,14.39,380.26,51601,0,0,0
2016-05-03 16:00:00,16.44,391.12,1085950,0,39113950,-39023375
2016-05-04 16:00:00,16.3,390.38,0,-73206,0,0
2016-05-05 16:00:00,16.46,391.42,103981,0,0,0
2016-05-06 16:00:00,13.43,377.88,0,-1353821,0,0
2016-05-09 16:00:00,11.08,372.15,0,-573716,35783489,-39475647
2016-05-10 16:00:00,11.21,370.76,0,-138439,0,0
2016-05-11 16:00:00,11.71,379.06,830020,0,0,0
2016-05-12 16:00:00,11.97,382.18,312103,0,0,0
2016-05-13 16:00:00,11.42,378.08,0,-410195,0,0
2016-05-16 16:00:00,12.16,379.66,157279,0,40294165,-36500197
2016-05-17 16:00:00,11.82,375.7,0,-395093,0,0
2016-05-18 16:00:00,11.17,372.05,0,-365574,0,0
2016-05-19 16:00:00,10.97,370.9,0,-115246,0,0
2016-05-20 16:00:00,11.54,373.29,239381,0,0,0
2016-05-23 16:00:00,11.87,375.11,182045,0,40070531,-40070180
2016-05-24 16:00:00,11.01,369.81,0,-530321,0,0
2016-05-25 16:00:00,10.85,367.12,0,-268369,0,0
2016-05-26 16:00:00,11.03,369.4,227469,0,0,0
2016-05-27 16:00:00,10.97,365.65,0,-375226,0,0
2016-05-30 16:00:00,11.12,363.95,0,-169755,35361735,-39389124
2016-05-31 16:00:00,14.85,376.55,1259765,0,0,0
2016-06-01 16:00:00,14.52,378.19,164600,0,0,0
2016-06-02 16:00:00,14.76,379.83,164113,0,0,0
2016-06-03 16:00:00,15.57,381.04,120973.5,0,0,0
2016-06-06 16:00:00,15.19,381.96,91547,0,42643424,-38514085.5
2016-06-07 16:00:00,15.12,380.61,0,-134835,0,0
2016-06-08 16:00:00,14.65,377.07,0,-353544,0,0
2016-06-13 16:00:00,11.11,365.88,0,-1119202,44770698,-44742677
2016-06-14 16:00:00,11.46,367.53,164858,0,0,0
2016-06-15 16:00:00,12.92,375.3,776546.84,0,0,0
2016-06-16 16:00:00,12.14,374.78,0,-51579.6,0,0
2016-06-17 16:00:00,12.71,373.75,0,-103163.6,0,0
2016-06-20 16:00:00,12.79,373.31,0,-44130.2,39604503,-39547726.6
2016-06-21 16:00:00,12.56,370.13,0,-317316,0,0
2016-06-22 16:00:00,13.56,379.75,961997,0,0,0
2016-06-23 16:00:00,12.96,376.99,0,-276381.2,0,0
2016-06-24 16:00:00,11.5,369.8,0,-719437,0,0
2016-06-27 16:00:00,13.07,380.15,1035236,0,36757569,-36719160
2016-06-28 16:00:00,13.65,385.31,516147,0,0,0
2016-06-29 16:00:00,14.19,383.64,0,-166946,0,0
2016-06-30 16:00:00,14.28,383.17,0,-46831,0,0
2016-07-01 16:00:00,14.29,382.76,0,-41476,0,0
2016-07-04 16:00:00,16.12,396.36,1359717,0,39491922,-39492965
2016-07-05 16:00:00,16.22,396.93,57233,0,0,0
2016-07-06 16:00:00,16.56,401.4,447165.2,0,0,0
2016-07-07 16:00:00,16.31,398.42,0,-298373.7,0,0
2016-07-08 16:00:00,15.67,395.03,0,-338033.3,0,0
2016-07-11 16:00:00,16.07,400.75,571610.7,0,40105284,-40059235.9
2016-07-12 16:00:00,18.61,413.35,1259419.8,0,0,0
2016-07-13 16:00:00,18.96,412.19,0,-115510,0,0
2016-07-14 16:00:00,18.74,410.29,0,-189687,0,0
2016-07-15 16:00:00,18.72,408.61,0,-168392,0,0
2016-07-18 16:00:00,18.2,409.34,72892,0,45568319,-45552227
2016-07-19 16:00:00,17.7,405.09,0,-425303.8,0,0
2016-07-20 16:00:00,17.32,403.51,0,-157426,0,0
2016-07-21 16:00:00,17.86,407.87,436282,0,0,0
2016-07-22 16:00:00,16.87,405.24,0,-263628,0,0
2016-07-25 16:00:00,17.07,410.45,521108.8,0,35209998,-42011678
2016-07-26 16:00:00,18.48,411.63,117765,0,0,0
2016-07-27 16:00:00,16.62,398.62,0,-1300507,0,0
2016-07-28 16:00:00,16.72,394.09,0,-452624,0,0
2016-07-29 16:00:00,16.1,389.93,0,-416105,0,0
2016-08-01 16:00:00,15.11,384.53,0,-540293,42203183,-38671699
2016-08-02 16:00:00,15.56,385.97,144360,0,0,0
2016-08-03 16:00:00,15.72,385.26,0,-71173,0,0
2016-08-04 16:00:00,16,384.21,0,-105010,0,0
2016-08-05 16:00:00,16.14,382.37,0,-183808,0,0
2016-08-08 16:00:00,17.19,389.88,750839,0,44953730,-41600329
2016-08-09 16:00:00,18.02,391.5,161515,0,0,0
2016-08-10 16:00:00,17.52,388.25,0,-324881.4,0,0
2016-08-11 16:00:00,17.16,383.5,0,-474897,0,0
2016-08-12 16:00:00,19.37,396.18,1268227.2,0,0,0
2016-08-15 16:00:00,22.96,417.97,2178470,0,35219076,-35177443
2016-08-16 16:00:00,22.41,412.83,0,-514147,0,0
2016-08-17 16:00:00,22.22,406.97,0,-585264,0,0
2016-08-18 16:00:00,21.91,410.78,380670,0,0,0
2016-08-19 16:00:00,21.93,406.6,0,-418083,0,0
2016-08-22 16:00:00,20.91,399.89,0,-671331,47189981,-48993443
2016-08-23 16:00:00,21.09,396.69,0,-319982,0,0
2016-08-24 16:00:00,20.66,395.57,0,-112086.4,0,0
2016-08-25 16:00:00,19.9,390.2,0,-536063,0,0
2016-08-26 16:00:00,19.83,391.69,148311,0,0,0
2016-08-29 16:00:00,19.86,392.91,121910,0,42613983,-40881411
2016-08-30 16:00:00,20.01,393.06,15155,0,0,0
2016-08-31 16:00:00,20.58,391.87,0,-119076,0,0
2016-09-01 16:00:00,19.64,387.36,0,-450477,0,0
2016-09-02 16:00:00,20.09,389.02,166016,0,0,0
2016-09-05 16:00:00,20.29,391.51,249194,0,39157449,-39101824
2016-09-06 16:00:00,21.12,395.73,421728,0,0,0
2016-09-07 16:00:00,21.06,393.65,0,-207866,0,0
2016-09-08 16:00:00,21.01,394.63,97940,0,0,0
2016-09-09 16:00:00,20.23,389.55,0,-508337,0,0
2016-09-12 16:00:00,18.22,380.61,0,-894413,36874381,-40063513
2016-09-13 16:00:00,18.14,381.47,86448,0,0,0
2016-09-14 16:00:00,17.36,377.76,0,-370512,0,0
2016-09-19 16:00:00,18.24,380.27,250089,0,35128374,-31884411
2016-09-20 16:00:00,18.03,378.4,0,-186163,0,0
2016-09-21 16:00:00,18.37,378.67,26136,0,0,0
2016-09-22 16:00:00,19.26,382.99,432336,0,0,0
2016-09-23 16:00:00,18.7,378.88,0,-410688,0,0
2016-09-26 16:00:00,16.69,374.24,0,-464190,35003339,-39857013
2016-09-27 16:00:00,17.43,378.15,391423,0,0,0
2016-09-28 16:00:00,17.07,377.78,0,-37347,0,0
2016-09-29 16:00:00,17.56,380.13,235219,0,0,0
2016-09-30 16:00:00,17.88,379.9,0,-22890,0,0
2016-10-10 16:00:00,19.36,386.84,693625,0,40150248,-36966917
2016-10-11 16:00:00,19.82,389.98,313520,0,0,0
2016-10-12 16:00:00,19.58,387.54,0,-243799,0,0
2016-10-13 16:00:00,19.67,388.16,62485,0,0,0
2016-10-14 16:00:00,19.79,389.67,150939,0,0,0
2016-10-17 16:00:00,18.78,388.31,0,-135805,44039373,-42461037
2016-10-18 16:00:00,20.35,397.86,954650,0,0,0
2016-10-19 16:00:00,20.17,397.44,0,-41840,0,0
2016-10-20 16:00:00,20.25,396.93,0,-50993,0,0
2016-10-21 16:00:00,20.58,398.21,128104,0,0,0
2016-10-24 16:00:00,22.03,407.77,956046,0,39973789,-41509162
2016-10-25 16:00:00,22.02,407.59,0,-18211,0,0
2016-10-26 16:00:00,21.56,404.31,0,-327775,0,0
2016-10-27 16:00:00,21.23,401.64,0,-266973,0,0
2016-10-28 16:00:00,21.03,397.26,0,-438215,0,0
2016-10-31 16:00:00,20.89,396.57,0,-68907,41321338,-42942537
2016-11-01 16:00:00,21.72,400.92,434712,0,0,0
2016-11-02 16:00:00,20.79,399.96,0,-95666,0,0
2016-11-03 16:00:00,21.94,402.32,235290,0,0,0
2016-11-04 16:00:00,21.54,399.95,0,-236812,0,0
2016-11-07 16:00:00,21.63,401.25,130164,0,39939486,-36664605
2016-11-08 16:00:00,22.15,403.08,183233.04,0,0,0
2016-11-09 16:00:00,21.5,398.95,0,-412690,0,0
2016-11-10 16:00:00,22.86,405.46,650299,0,0,0
2016-11-11 16:00:00,23.83,411.78,631793,0,0,0
2016-11-14 16:00:00,24.3,417.94,616030,0,42469378,-42453626
2016-11-15 16:00:00,24.28,413.44,0,-449924,0,0
2016-11-16 16:00:00,24.27,413.99,55299,0,0,0
2016-11-17 16:00:00,24.53,417.43,344080,0,0,0
2016-11-18 16:00:00,23.83,410.62,0,-680717,0,0
2016-11-21 16:00:00,24.69,415.39,476428,0,37374438,-39032783
2016-11-22 16:00:00,25.68,416.89,150385,0,0,0
2016-11-23 16:00:00,25.91,413.38,0,-351333,0,0
2016-11-24 16:00:00,26.42,414.95,157501,0,0,0
2016-11-25 16:00:00,27.6,417.26,231027,0,0,0
2016-11-28 16:00:00,28.1,421.86,460089,0,48420564,-46761621
2016-11-29 16:00:00,29.15,426.57,470528,0,0,0
2016-11-30 16:00:00,28.2,421.97,0,-459636,0,0
2016-12-01 16:00:00,29.18,427.05,507992,0,0,0
2016-12-02 16:00:00,27.87,423.16,0,-389373,0,0
2016-12-05 16:00:00,25.72,413.28,0,-988167,37533055,-42592978
2016-12-06 16:00:00,25.34,410.75,0,-252682,0,0
2016-12-07 16:00:00,25.95,413.29,253785.08,0,0,0
2016-12-08 16:00:00,25.74,412.75,0,-54215,0,0
2016-12-09 16:00:00,26.6,412.58,0,-16469,0,0
2016-12-12 16:00:00,23.53,405.85,0,-673072,37559667,-40912484
2016-12-13 16:00:00,23.38,405.67,0,-18580,0,0
2016-12-14 16:00:00,22.44,404.46,0,-120468,0,0
2016-12-15 16:00:00,21.04,399.84,0,-461897,0,0
2016-12-16 16:00:00,21.25,399.01,0,-83183,0,0
2016-12-19 16:00:00,20.63,400.02,101382,0,46364697,-37941356
2016-12-20 16:00:00,19.91,396,0,-402086,0,0
2016-12-21 16:00:00,20.97,402.4,639751,0,0,0
2016-12-22 16:00:00,20.87,403.35,94834,0,0,0
2016-12-23 16:00:00,19.85,399.95,0,-339688,0,0
2016-12-26 16:00:00,20.39,402.35,239387,0,33284275,-38082582
2016-12-27 16:00:00,20.17,399.92,0,-242752,0,0
2016-12-28 16:00:00,19.65,397.23,0,-269092,0,0
2016-12-29 16:00:00,19.5,396.88,0,-34953,0,0
2016-12-30 16:00:00,19.94,393.93,0,-295151,0,0
2017-01-03 16:00:00,21.11,398.38,445792,0,42712223,-37913862
2017-01-04 16:00:00,22.05,401.94,356061,0,0,0
2017-01-05 16:00:00,22.03,400.36,0,-158459,0,0
2017-01-06 16:00:00,21.31,397.05,0,-330902,0,0
2017-01-09 16:00:00,21.89,402.22,516516,0,42878248,-42877632
2017-01-10 16:00:00,21.69,399.26,0,-295323,0,0
2017-01-11 16:00:00,20.83,394.59,0,-467480,0,0
2017-01-12 16:00:00,20.22,390.62,0,-397177,0,0
2017-01-13 16:00:00,20.3,389.09,0,-152414,0,0
2017-01-16 16:00:00,20.28,393.93,483603,0,38928277,-38928025
2017-01-17 16:00:00,20.53,394.2,27275,0,0,0
2017-01-18 16:00:00,21,397.48,328225,0,0,0
2017-01-19 16:00:00,20.64,396.56,0,-91927,0,0
2017-01-20 16:00:00,21.57,399.85,328295,0,0,0
2017-01-23 16:00:00,21.9,400.96,110868,0,41561810,-41563948
2017-01-24 16:00:00,21.91,400.56,0,-40019,0,0
2017-01-25 16:00:00,22.33,401.72,116746,0,0,0
2017-01-26 16:00:00,22.77,403.99,226460,0,0,0
2017-02-03 16:00:00,21.91,400.82,0,-316435,38468488,-38467061
2017-02-06 16:00:00,22.23,403.31,248400,0,33230595,-33262756
2017-02-07 16:00:00,21.96,403,0,-30273,0,0
2017-02-08 16:00:00,22.6,406.55,354545,0,0,0
2017-02-09 16:00:00,23.07,407.85,130280,0,0,0
2017-02-10 16:00:00,23.69,410.1,225044,0,0,0
2017-02-13 16:00:00,24.52,411.76,165966,0,42575199,-42542713
2017-02-14 16:00:00,24.5,418.07,630798,0,0,0
2017-02-15 16:00:00,23.99,410.42,0,-765161,0,0
2017-02-16 16:00:00,24.68,415.68,525726,0,0,0
2017-02-17 16:00:00,23.98,407.88,0,-779443,0,0
2017-02-20 16:00:00,25.79,415.89,800599,0,45648537,-45648642
2017-02-21 16:00:00,26.2,419.8,391636,0,0,0
2017-02-22 16:00:00,26.45,422.43,262661,0,0,0
2017-02-23 16:00:00,25.86,419.51,0,-291818,0,0
2017-02-24 16:00:00,25.88,418.84,0,-67614,0,0
2017-02-27 16:00:00,24.88,417.57,0,-126946,43287783,-43288260
2017-02-28 16:00:00,25.11,420.41,284414,0,0,0
2017-03-01 16:00:00,25.32,422.65,224221,0,0,0
2017-03-02 16:00:00,24.47,418.38,0,-427456,0,0
2017-03-03 16:00:00,24.21,418.43,4654,0,0,0
2017-03-06 16:00:00,24.89,421.25,282540,0,38041507,-38042133
2017-03-07 16:00:00,25.16,423.82,257265,0,0,0
2017-03-08 16:00:00,24.97,419.94,0,-388247,0,0
2017-03-09 16:00:00,24.18,413.8,0,-613734,0,0
2017-03-10 16:00:00,24.21,416.81,300410,0,0,0
2017-03-13 16:00:00,25.31,425.6,879109,0,31030645,-34443667
2017-03-14 16:00:00,25.26,423.58,0,-201874,0,0
2017-03-15 16:00:00,25.51,424.24,66067,0,0,0
2017-03-16 16:00:00,26.15,425.09,85354,0,0,0
2017-03-17 16:00:00,24.86,417.69,0,-739987,0,0
2017-03-20 16:00:00,25,418.15,45156,0,44776217,-43064704
2017-03-21 16:00:00,25.61,419.87,172643,0,0,0
2017-03-22 16:00:00,25.01,419.27,0,-59833,0,0
2017-03-23 16:00:00,25.45,419.01,0,-26115,0,0
2017-03-24 16:00:00,26.45,420.16,114182,0,0,0
2017-03-27 16:00:00,26.03,416.68,0,-347265,44999401,-43296236
2017-03-28 16:00:00,25.73,414.45,0,-222757,0,0
2017-03-29 16:00:00,25.56,414.55,9461,0,0,0
2017-03-30 16:00:00,24.53,409.24,0,-530611,0,0
2017-03-31 16:00:00,25.23,411.46,221609,0,0,0
2017-04-05 16:00:00,26.97,416.4,493784,0,29100196,-41121628
2017-04-06 16:00:00,27.33,417.51,111199,0,0,0
2017-04-07 16:00:00,27.46,420.25,273834,0,0,0
2017-04-10 16:00:00,27.01,430.78,1053383,0,36360067,-24567595
2017-04-11 16:00:00,27.45,438.27,748424,0,0,0
2017-04-12 16:00:00,27.17,430.84,0,-742149,0,0
2017-04-13 16:00:00,27.35,434.93,408296,0,0,0
2017-04-14 16:00:00,26.34,428.29,0,-663296,0,0
2017-04-17 16:00:00,26.1,428.77,47682,0,42087275,-45438266
2017-04-18 16:00:00,25.47,426.84,0,-193356,0,0
2017-04-19 16:00:00,24.86,423.05,0,-379005,0,0
2017-04-20 16:00:00,25.43,426.69,363940,0,0,0
2017-04-21 16:00:00,25.62,428.51,182299,0,0,0
2017-04-24 16:00:00,24.33,426.15,0,-236389,42067040,-43806241
2017-04-25 16:00:00,24.69,426.5,35227,0,0,0
2017-04-26 16:00:00,24.84,428.41,191205,0,0,0
2017-04-27 16:00:00,24.89,429.4,99002,0,0,0
2017-04-28 16:00:00,24.64,427.72,0,-167857,0,0
2017-05-02 16:00:00,24.16,427.42,0,-30297,43952308,-38635912
2017-05-03 16:00:00,23.68,419.24,0,-818045,0,0
2017-05-04 16:00:00,23.36,417.5,0,-174309,0,0
2017-05-05 16:00:00,22.57,408.64,0,-885696,0,0
2017-05-08 16:00:00,21.71,409.51,87348,0,32080911,-42199369
2017-05-09 16:00:00,21.48,408.65,0,-85924,0,0
2017-05-10 16:00:00,20.94,406.13,0,-252696,0,0
2017-05-11 16:00:00,21.63,405.4,0,-72636,0,0
2017-05-12 16:00:00,22.67,407.86,246474,0,0,0
2017-05-15 16:00:00,23.17,410.03,216658,0,38949414,-28818263
2017-05-16 16:00:00,24.24,415.23,520362,0,0,0
2017-05-17 16:00:00,23.56,411.46,0,-377429,0,0
2017-05-18 16:00:00,23.13,410.5,0,-95639,0,0
2017-05-19 16:00:00,23.34,410.25,0,-25094,0,0
2017-05-22 16:00:00,23.61,410.91,65665,0,44115319,-45832422
2017-05-23 16:00:00,24.08,404.21,0,-670164,0,0
2017-05-24 16:00:00,24.08,402.9,0,-130644,0,0
2017-05-25 16:00:00,26.31,406.38,347677,0,0,0
2017-05-26 16:00:00,26.12,406.16,0,-21942,0,0
2017-05-31 16:00:00,26.57,406.19,3590,0,45766605,-45760957
2017-06-01 16:00:00,26.74,407.04,84475,0,0,0
2017-06-02 16:00:00,26.34,408.97,192999,0,0,0
2017-06-05 16:00:00,25.69,407.95,0,-102054,40596857,-40581527
2017-06-06 16:00:00,26.57,410.87,291973,0,0,0
2017-06-07 16:00:00,28.05,419.91,904241.6,0,0,0
2017-06-08 16:00:00,29.03,417.79,0,-212240,0,0
2017-06-09 16:00:00,29.58,420.14,234898.5,0,0,0
2017-06-12 16:00:00,29.52,422.25,211240,0,44944300,-44758436.5
2017-06-13 16:00:00,29.81,424.31,206299,0,0,0
2017-06-14 16:00:00,28.1,416.36,0,-795051,0,0
2017-06-15 16:00:00,27.87,415.65,0,-71004,0,0
2017-06-16 16:00:00,27.5,413.05,0,-260536.2,0,0
2017-06-19 16:00:00,28.77,416.91,386259,0,44481034,-42599214
2017-06-20 16:00:00,28.51,417.13,22573,0,0,0
2017-06-21 16:00:00,30.01,421.18,404098,0,0,0
2017-06-22 16:00:00,30.1,417.53,0,-364386,0,0
2017-06-23 16:00:00,31.28,420.99,346190,0,0,0
2017-06-26 16:00:00,32.92,431.85,1085737.2,0,48725552,-48696873
2017-06-27 16:00:00,33.16,431.33,0,-51786,0,0
2017-06-28 16:00:00,32.12,426.46,0,-487461.6,0,0
2017-06-29 16:00:00,32.94,432.93,647175,0,0,0
2017-06-30 16:00:00,32.87,432.07,0,-86009,0,0
2017-07-03 16:00:00,32.29,434.05,198332,0,47803673,-47781989
2017-07-04 16:00:00,31.17,426.93,0,-712148,0,0
2017-07-05 16:00:00,32.61,432.23,529855,0,0,0
2017-07-06 16:00:00,32.63,433.33,110304,0,0,0
2017-07-07 16:00:00,32.48,435.72,238907,0,0,0
2017-07-10 16:00:00,32.39,437.41,168474,0,46312449,-46311564
2017-07-11 16:00:00,33.01,430.1,0,-731047.84,0,0
2017-07-12 16:00:00,32.58,431.34,124137,0,0,0
2017-07-13 16:00:00,33.6,438.02,668069,0,0,0
2017-07-14 16:00:00,34.18,438.63,61120.96,0,0,0
2017-07-17 16:00:00,32.75,433.61,0,-502324.8,44748405,-50004492
2017-07-18 16:00:00,32.88,433.79,17878.4,0,0,0
2017-07-19 16:00:00,35.15,444.51,1072051,0,0,0
2017-07-20 16:00:00,35.81,445.57,105955,0,0,0
2017-07-21 16:00:00,35.11,442.65,0,-291315.2,0,0
2017-07-24 16:00:00,35.65,444.14,148626,0,54128978,-48686557
2017-07-25 16:00:00,34.78,437.4,0,-673852,0,0
2017-07-26 16:00:00,34.27,433.86,0,-354512,0,0
2017-07-27 16:00:00,34.51,434.89,103524,0,0,0
2017-07-28 16:00:00,34.87,435.49,59596,0,0,0
2017-07-31 16:00:00,35.44,445.48,999093,0,48090027,-48088764
2017-08-01 16:00:00,36.62,447.58,210194,0,0,0
2017-08-02 16:00:00,36.28,446.94,0,-64375,0,0
2017-08-03 16:00:00,35.08,448.93,199094,0,0,0
2017-08-04 16:00:00,34.35,439.04,0,-988533,0,0
2017-08-07 16:00:00,35.04,443.23,418875,0,39645708,-43210263
2017-08-08 16:00:00,35.24,447.19,395965,0,0,0
2017-08-09 16:00:00,35.2,445.69,0,-149577,0,0
2017-08-10 16:00:00,34.65,444.47,0,-122332,0,0
2017-08-11 16:00:00,32.16,432.3,0,-1216956,0,0
2017-08-14 16:00:00,33.88,447.91,1560483,0,46210239,-44389769
2017-08-15 16:00:00,34.29,447.23,0,-67276,0,0
2017-08-16 16:00:00,34.12,453.09,585429,0,0,0
2017-08-17 16:00:00,34.84,453.81,72437,0,0,0
2017-08-18 16:00:00,34.97,450.05,0,-375968,0,0
2017-08-21 16:00:00,35.56,452.05,199919,0,49637783,-49697240
2017-08-22 16:00:00,35.97,442.71,0,-934470,0,0
2017-08-23 16:00:00,36.1,439.65,0,-305820,0,0
2017-08-24 16:00:00,35.33,436.89,0,-276300,0,0
2017-08-25 16:00:00,37.54,442.42,553912,0,0,0
2017-08-28 16:00:00,39.24,459.05,1662363,0,52497934,-50695970
2017-08-29 16:00:00,38.95,457.03,0,-202271,0,0
2017-08-30 16:00:00,38.94,458.23,120542,0,0,0
2017-08-31 16:00:00,38.5,458.64,41223,0,0,0
2017-09-01 16:00:00,38.8,459.95,130840,0,0,0
2017-09-04 16:00:00,39.35,465.93,597912,0,46542272,-48362532
2017-09-05 16:00:00,39.76,461.67,0,-426235,0,0
2017-09-06 16:00:00,39.49,464.11,244076,0,0,0
2017-09-07 16:00:00,38.78,453.83,0,-1027972,0,0
2017-09-08 16:00:00,38.64,456.34,250935,0,0,0
2017-09-11 16:00:00,38.63,462.48,614463,0,44403454,-44396455
2017-09-12 16:00:00,39.07,460.52,0,-195978,0,0
2017-09-13 16:00:00,39.24,463.42,289155,0,0,0
2017-09-14 16:00:00,38.78,460.32,0,-309427,0,0
2017-09-15 16:00:00,38.83,462,168127,0,0,0
2017-09-18 16:00:00,39.26,460.99,0,-101059,46673446,-44861044
2017-09-19 16:00:00,38.86,463.09,209715,0,0,0
2017-09-20 16:00:00,39.23,466.64,354679,0,0,0
2017-09-21 16:00:00,39.07,459.05,0,-758775,0,0
2017-09-22 16:00:00,39.06,453.61,0,-543895,0,0
2017-09-25 16:00:00,38.34,450.79,0,-282212,44091952,-49558473
2017-09-26 16:00:00,38.45,448.99,0,-180098,0,0
2017-09-27 16:00:00,38.46,452.07,308675,0,0,0
2017-09-28 16:00:00,38.51,452.35,27473,0,0,0
2017-09-29 16:00:00,39.02,454.92,257102,0,0,0
2017-10-09 16:00:00,40.67,463.6,867709,0,44923361,-39457763
2017-10-10 16:00:00,40.95,461.07,0,-252432,0,0
2017-10-11 16:00:00,41.42,458.3,0,-277229,0,0
2017-10-12 16:00:00,41.79,465.04,674549,0,0,0
2017-10-13 16:00:00,42.08,468.27,322675,0,0,0
2017-10-16 16:00:00,41.81,469.36,108815,0,45543094,-47400245
2017-10-17 16:00:00,41.79,468.78,0,-58346,0,0
2017-10-18 16:00:00,42.92,472.08,330225,0,0,0
2017-10-19 16:00:00,42.45,469.44,0,-263529,0,0
2017-10-20 16:00:00,42.29,471.42,197830,0,0,0
2017-10-23 16:00:00,42.44,475.61,419194,0,49631037,-47773640
2017-10-24 16:00:00,43.47,479.13,351290,0,0,0
2017-10-25 16:00:00,44.11,480.64,150922,0,0,0
2017-10-26 16:00:00,44.71,479.08,0,-155728,0,0
2017-10-27 16:00:00,45.74,480.14,106676,0,0,0
2017-10-30 16:00:00,45.29,476.82,0,-332440,46385144,-50206194
2017-10-31 16:00:00,45.19,478.1,127551,0,0,0
2017-11-01 16:00:00,44.82,477.82,0,-27998,0,0
2017-11-02 16:00:00,44.84,476.3,0,-151749,0,0
2017-11-03 16:00:00,44.68,474.81,0,-148338,0,0
2017-11-06 16:00:00,45.7,479.66,485014,0,44015906,-41898476
2017-11-07 16:00:00,46.91,483.07,340396,0,0,0
2017-11-08 16:00:00,46.68,482.93,0,-13779,0,0
2017-11-09 16:00:00,47.69,488.13,519489,0,0,0
2017-11-10 16:00:00,49,493.26,513616,0,0,0
2017-11-13 16:00:00,49.58,498.94,567734,0,51428203,-49722836
2017-11-14 16:00:00,48.54,493.77,0,-516815,0,0
2017-11-15 16:00:00,47.61,485.42,0,-835012,0,0
2017-11-16 16:00:00,48.75,491.23,581218,0,0,0
2017-11-17 16:00:00,49.32,485.53,0,-570744,0,0
2017-11-20 16:00:00,50.15,490.11,458513,0,48397788,-48397940
2017-11-21 16:00:00,52.83,492.4,229155,0,0,0
2017-11-22 16:00:00,53.19,498.42,601235,0,0,0
2017-11-23 16:00:00,48.65,484.81,0,-1360521,0,0
2017-11-24 16:00:00,48.72,485.61,79534,0,0,0
2017-11-27 16:00:00,46.75,479.21,0,-639094,38794986,-48426450
2017-11-28 16:00:00,46.97,480.14,92510,0,0,0
2017-11-29 16:00:00,46.89,484.91,477293,0,0,0
2017-11-30 16:00:00,45.16,478.73,0,-617816,0,0
2017-12-01 16:00:00,44.88,477.56,0,-117824,0,0
2017-12-04 16:00:00,45.63,475.53,0,-202714,48049771,-40269233
2017-12-05 16:00:00,46.4,465.57,0,-995621,0,0
2017-12-06 16:00:00,45.52,471.99,642052,0,0,0
2017-12-07 16:00:00,43.89,468.21,0,-378685,0,0
2017-12-08 16:00:00,45.07,470.03,182337,0,0,0
2017-12-11 16:00:00,47.46,479.9,987095,0,47613951,-47592670
2017-12-12 16:00:00,45.52,474.97,0,-493347,0,0
2017-12-13 16:00:00,46.76,481.36,639363,0,0,0
2017-12-14 16:00:00,45.89,480.47,0,-88612,0,0
2017-12-15 16:00:00,44.25,476.43,0,-404339,0,0
2017-12-18 16:00:00,44.41,476.89,45471,0,46077257,-48013203
2017-12-19 16:00:00,46.22,479.9,301209,0,0,0
2017-12-20 16:00:00,46.05,474.85,0,-504900,0,0
2017-12-21 16:00:00,47.4,478.71,386601,0,0,0
2017-12-22 16:00:00,46.92,477.1,0,-161692,0,0
2017-12-25 16:00:00,46.45,477.58,48497,0,48176602,-46269827
2017-12-26 16:00:00,46.89,480.57,298364,0,0,0
2017-12-27 16:00:00,44.62,475.81,0,-475370,0,0
2017-12-28 16:00:00,45.63,478.26,244626,0,0,0
2017-12-29 16:00:00,46.06,483.17,491489,0,0,0
2018-01-02 16:00:00,48.11,499.31,1613758,0,46823188,-44966438
2018-01-03 16:00:00,48.98,501.44,212449,0,0,0
2018-01-04 16:00:00,49.61,507.27,583877,0,0,0
2018-01-05 16:00:00,49.97,513.48,620468,0,0,0
2018-01-08 16:00:00,50.75,527.47,1398653,0,41406213,-41406477
2018-01-09 16:00:00,51.8,526.44,0,-103065,0,0
2018-01-10 16:00:00,52.47,527.6,116154,0,0,0
2018-01-11 16:00:00,52.39,527.57,0,-2992,0,0
2018-01-12 16:00:00,53.1,527.45,0,-12027,0,0
2018-01-15 16:00:00,53.1,530.45,299974,0,50367530,-50489202
2018-01-16 16:00:00,54.31,543.05,1260773,0,0,0
2018-01-17 16:00:00,53.93,537.68,0,-537229,0,0
2018-01-18 16:00:00,54.78,535.87,0,-180774,0,0
2018-01-19 16:00:00,55.28,533.97,0,-190258,0,0
2018-01-22 16:00:00,57.14,538.29,431629,0,61243571,-61121801
2018-01-23 16:00:00,58.81,544.71,642513,0,0,0
2018-01-24 16:00:00,59.07,551.92,721121,0,0,0
2018-01-25 16:00:00,58.17,544.43,0,-749795,0,0
2018-01-26 16:00:00,58.76,547.04,261267,0,0,0
2018-01-29 16:00:00,55.89,549.17,212758,0,58346526,-58346291
2018-01-30 16:00:00,54.22,537.4,0,-1177081,0,0
2018-01-31 16:00:00,54.94,540.22,282529,0,0,0
2018-02-01 16:00:00,53.85,533.26,0,-696194,0,0
2018-02-02 16:00:00,54.77,547.39,1412880,0,0,0
2018-02-05 16:00:00,54.88,551.59,419740,0,36281268,-36417320
2018-02-06 16:00:00,50.34,527.73,0,-2385194,0,0
2018-02-07 16:00:00,46.77,511.3,0,-1643432,0,0
2018-02-08 16:00:00,45.38,502.73,0,-856928,0,0
2018-02-09 16:00:00,39.17,467.81,0,-3491519,0,0
2018-02-12 16:00:00,40.96,481.66,1385011,0,51281289,-51145192
2018-02-13 16:00:00,42.61,479.51,0,-215470,0,0
2018-02-14 16:00:00,43.75,480.93,142281,0,0,0
2018-02-22 16:00:00,46.85,493.69,1276058,0,46799161,-46796220
2018-02-23 16:00:00,47.52,493.64,0,-5076,0,0
2018-02-26 16:00:00,49.23,505.21,1156479,0,39837208,-41771754
2018-02-27 16:00:00,47.08,498.45,0,-675385,0,0
2018-02-28 16:00:00,45.8,502.14,368448,0,0,0
2018-03-01 16:00:00,46.72,502.9,76282,0,0,0
2018-03-02 16:00:00,45.54,496.6,0,-629989,0,0
2018-03-05 16:00:00,45.6,499.23,262500,0,51807490,-51824686
2018-03-06 16:00:00,47.35,504.07,483907,0,0,0
2018-03-07 16:00:00,46.27,497.53,0,-653862,0,0
2018-03-08 16:00:00,47.75,501.47,394023,0,0,0
2018-03-09 16:00:00,48.89,509.74,827738,0,0,0
2018-03-12 16:00:00,49.57,514.92,517304,0,54971387,-55018052
2018-03-13 16:00:00,48.25,509.99,0,-492655,0,0
2018-03-14 16:00:00,47.6,503,0,-699201,0,0
2018-03-15 16:00:00,48.43,504.6,159891,0,0,0
2018-03-16 16:00:00,46.99,496.17,0,-843153,0,0
2018-03-19 16:00:00,47.63,498.95,277939,0,43749638,-47657917
2018-03-20 16:00:00,47.76,501.25,230384,0,0,0
2018-03-21 16:00:00,47.15,498.34,0,-290631,0,0
2018-03-22 16:00:00,45.68,496.79,0,-154835,0,0
2018-03-23 16:00:00,41.5,480.3,0,-1649489,0,0
2018-03-26 16:00:00,40.59,482.07,177496,0,44028146,-45733406
2018-03-27 16:00:00,41.8,488.09,601499,0,0,0
2018-03-28 16:00:00,39.24,482.05,0,-603779,0,0
2018-03-29 16:00:00,41.1,482.06,783,0,0,0
2018-03-30 16:00:00,41.26,487.25,519509,0,0,0
2018-04-02 16:00:00,40.85,494.26,700559,0,56758643,-49148369
2018-04-03 16:00:00,39.96,493.82,0,-44170,0,0
2018-04-04 16:00:00,39.68,485.27,0,-854898,0,0
2018-04-09 16:00:00,39.61,488.09,282355,0,44911731,-44912801
2018-04-10 16:00:00,42.3,487.17,0,-92299,0,0
2018-04-11 16:00:00,42.71,488.57,140164,0,0,0
2018-04-12 16:00:00,41.27,485.55,0,-302593,0,0
2018-04-13 16:00:00,40.27,484.22,0,-132189,0,0
2018-04-16 16:00:00,38.02,483.7,0,-52556,41018388,-48788240
2018-04-17 16:00:00,35.83,469.84,0,-1385510,0,0
2018-04-18 16:00:00,36.47,473.3,345775,0,0,0
2018-04-19 16:00:00,38.12,478.05,474826,0,0,0
2018-04-20 16:00:00,36.28,467.95,0,-1010055,0,0
2018-04-23 16:00:00,36.48,470.44,249113,0,51065320,-48928842
2018-04-24 16:00:00,39.27,478.08,763907,0,0,0
2018-04-25 16:00:00,38.74,479.84,175607,0,0,0
2018-04-26 16:00:00,36.08,472.91,0,-692163,0,0
2018-04-27 16:00:00,36.13,476.39,347282,0,0,0
2018-05-02 16:00:00,36.38,477.39,100652,0,50155671,-44522170
2018-05-03 16:00:00,37.44,480.87,347882,0,0,0
2018-05-04 16:00:00,36.78,481.15,27706.4,0,0,0
2018-05-07 16:00:00,38.93,490.01,885863.6,0,44549995,-44481270
2018-05-08 16:00:00,40.55,489.49,0,-51910,0,0
2018-05-09 16:00:00,40.29,489.3,0,-19298,0,0
2018-05-10 16:00:00,41.07,497.27,797162,0,0,0
2018-05-11 16:00:00,40.34,490.87,0,-639273,0,0
2018-05-14 16:00:00,41.66,495.65,477690,0,49397968,-51292499
2018-05-15 16:00:00,42.19,499.87,421903,0,0,0
2018-05-16 16:00:00,41.06,496.35,0,-351999,0,0
2018-05-17 16:00:00,40.02,491.26,0,-508761,0,0
2018-05-18 16:00:00,41.43,496.17,491158,0,0,0
2018-05-21 16:00:00,42.09,500.59,441122,0,53932065,-52003329
2018-05-22 16:00:00,41.54,499.62,0,-97012,0,0
2018-05-23 16:00:00,39.67,491.7,0,-791319,0,0
2018-05-24 16:00:00,38.68,491.01,0,-68703.2,0,0
2018-05-25 16:00:00,38.29,488.35,0,-266407,0,0
2018-05-28 16:00:00,38.9,489.74,139295,0,50858025,-54436013
2018-05-29 16:00:00,37.84,481.68,0,-805888,0,0
2018-05-30 16:00:00,34.92,471.85,0,-983191.5,0,0
2018-05-31 16:00:00,37.78,482.16,1031036.5,0,0,0
2018-06-01 16:00:00,36.63,473.17,0,-899049.5,0,0
2018-06-04 16:00:00,37.97,475.63,245569,0,49746002,-49597885.5
2018-06-05 16:00:00,39.34,478.77,313933,0,0,0
2018-06-06 16:00:00,39.05,478.81,4464,0,0,0
2018-06-07 16:00:00,38.82,479.68,86831,0,0,0
2018-06-08 16:00:00,36.96,472.06,0,-762538,0,0
2018-06-11 16:00:00,36.97,473.49,143720.8,0,43394477,-39784864
2018-06-12 16:00:00,38.64,479.12,562592,0,0,0
2018-06-13 16:00:00,37.27,474.58,0,-453492,0,0
2018-06-14 16:00:00,36.73,474.24,0,-34677,0,0
2018-06-15 16:00:00,36.01,472.33,0,-190995,0,0
2018-06-19 16:00:00,31.21,462.53,0,-979988,39447378,-42723578
2018-06-20 16:00:00,31.73,464.13,160046,0,0,0
2018-06-21 16:00:00,30.19,458.38,0,-574359,0,0
2018-06-22 16:00:00,30.77,457.05,0,-133840,0,0
2018-06-25 16:00:00,29.02,451.5,0,-554253.92,46576168,-43196972
2018-06-26 16:00:00,27.95,451.3,0,-20482,0,0
2018-06-27 16:00:00,25.35,440.83,0,-1046821,0,0
2018-06-28 16:00:00,24.05,434.56,0,-626876.8,0,0
2018-06-29 16:00:00,27.22,448.94,1438144.48,0,0,0
2018-07-02 16:00:00,23.49,441,0,-794341,38285222,-40519718
2018-07-03 16:00:00,23.54,447.11,611133,0,0,0
2018-07-04 16:00:00,21.89,438.62,0,-848804,0,0
2018-07-05 16:00:00,21.12,429.11,0,-951249.4,0,0
2018-07-06 16:00:00,21.94,430.68,156770.6,0,0,0
2018-07-09 16:00:00,25.35,443.11,1243208,0,43666038,-41320348
2018-07-10 16:00:00,25.65,444.49,138133,0,0,0
2018-07-11 16:00:00,23.47,432.62,0,-1187455,0,0
2018-07-12 16:00:00,26.14,447.57,1495104,0,0,0
2018-07-13 16:00:00,26.56,447.56,0,-608.2,0,0
2018-07-16 16:00:00,25.81,450.53,297246.32,0,39666431,-39515277
2018-07-17 16:00:00,24.99,449.77,0,-76308.7,0,0
2018-07-18 16:00:00,24.34,449.93,15868.84,0,0,0
2018-07-19 16:00:00,24.23,449.47,0,-45945.6,0,0
2018-07-20 16:00:00,26.57,453.27,379856.9,0,0,0
2018-07-23 16:00:00,27.76,460.8,752655.4,0,47211049,-47163630
2018-07-24 16:00:00,29.79,466.12,532855,0,0,0
2018-07-25 16:00:00,29.64,464.74,0,-138173.6,0,0
2018-07-26 16:00:00,28.14,455.58,0,-916208.6,0,0
2018-07-27 16:00:00,27.59,455.13,0,-44743,0,0
2018-07-30 16:00:00,27.37,457.97,283391,0,46295883,-47612865
2018-07-31 16:00:00,27.46,458.19,22598.08,0,0,0
2018-08-01 16:00:00,24.92,445.06,0,-1313095,0,0
2018-08-02 16:00:00,22.15,434.78,0,-1028349,0,0
2018-08-03 16:00:00,20.13,428.58,0,-619467,0,0
2018-08-06 16:00:00,18.61,424.79,0,-379213,38732806,-41979575
2018-08-07 16:00:00,22.07,433.93,913650.88,0,0,0
2018-08-08 16:00:00,20.1,428.48,0,-544788,0,0
2018-08-09 16:00:00,23.11,435.41,693058,0,0,0
2018-08-10 16:00:00,23.38,433.78,0,-163103,0,0
2018-08-13 16:00:00,22.85,440.09,631499,0,50691006,-46049675
2018-08-14 16:00:00,22.22,438.1,0,-199176,0,0
2018-08-15 16:00:00,19.29,423.7,0,-1440127,0,0
2018-08-16 16:00:00,18.73,421.24,0,-245654,0,0
2018-08-17 16:00:00,17.03,411.43,0,-981742.88,0,0
2018-08-20 16:00:00,18.39,417.18,575442,0,40928846,-45452797
2018-08-21 16:00:00,20.54,420.97,378370,0,0,0
2018-08-22 16:00:00,19.87,417.1,0,-386200,0,0
2018-08-23 16:00:00,20.3,419.31,221014,0,0,0
2018-08-24 16:00:00,20.5,421.68,236221,0,0,0
2018-08-27 16:00:00,23.44,432.11,1043208,0,42808186,-38458582
2018-08-28 16:00:00,23.21,432.62,51151,0,0,0
2018-08-29 16:00:00,22.71,432.71,8739,0,0,0
2018-08-30 16:00:00,21.43,425.12,0,-759164,0,0
2018-08-31 16:00:00,20.83,426.69,157793,0,0,0
2018-09-03 16:00:00,20.37,425.26,0,-143675,41339401,-41270265
2018-09-04 16:00:00,21.89,430.67,541264,0,0,0
2018-09-05 16:00:00,19.51,421.96,0,-871177,0,0
2018-09-06 16:00:00,18.23,417.04,0,-491960,0,0
2018-09-07 16:00:00,18.77,420.08,303817,0,0,0
2018-09-10 16:00:00,17.04,415.6,0,-447365,39771199,-42570259
2018-09-11 16:00:00,16.83,417.44,184132,0,0,0
2018-09-12 16:00:00,16.03,415.18,0,-226591,0,0
2018-09-13 16:00:00,17.28,417.1,191942,0,0,0
2018-09-14 16:00:00,17.48,415.32,0,-178030,0,0
2018-09-17 16:00:00,16.13,413.41,0,-190805,37699819,-35951683
2018-09-18 16:00:00,18.47,420.24,683442,0,0,0
2018-09-19 16:00:00,20.03,429.13,889005,0,0,0
2018-09-20 16:00:00,19.94,428.48,0,-65576,0,0
2018-09-21 16:00:00,23.58,442.08,1360680,0,0,0
2018-09-25 16:00:00,22.47,438.34,0,-374019,45930610,-44820066
2018-09-26 16:00:00,23.83,442.44,409741,0,0,0
2018-09-27 16:00:00,23.33,439.82,0,-261661,0,0
2018-09-28 16:00:00,24.61,445.89,606289,0,0,0
2018-10-08 16:00:00,19.25,426.39,0,-1950152,38996815,-38948325
2018-10-09 16:00:00,19.17,425.99,0,-39170,0,0
2018-10-10 16:00:00,18.91,427.05,105863,0,0,0
2018-10-11 16:00:00,13.2,401.91,0,-2514200,0,0
2018-10-12 16:00:00,14.89,409.85,793976,0,0,0
2018-10-15 16:00:00,13.29,403.56,0,-628966,35271394,-35269126
2018-10-16 16:00:00,12.37,392.26,0,-1130511,0,0
2018-10-17 16:00:00,12.99,393.72,146497,0,0,0
2018-10-18 16:00:00,10.32,382.99,0,-1073074,0,0
2018-10-19 16:00:00,13.6,395.17,1218400,0,0,0
2018-10-22 16:00:00,18.5,421.56,2638747,0,41092109,-41094733
2018-10-23 16:00:00,15.35,413.3,0,-826307,0,0
2018-10-24 16:00:00,15.53,413.1,0,-19662,0,0
2018-10-25 16:00:00,15.75,419.22,612261,0,0,0
2018-10-26 16:00:00,15,411.25,0,-797442,0,0
2018-10-29 16:00:00,11.49,405.89,0,-536156,42576972,-42575571
2018-10-30 16:00:00,12.7,415.67,977850,0,0,0
2018-10-31 16:00:00,14.28,416.69,102483,0,0,0
2018-11-01 16:00:00,15.12,422.44,574489,0,0,0
2018-11-02 16:00:00,19.22,433.46,1101982,0,0,0
2018-11-05 16:00:00,18.23,437.42,396753,0,45759739,-45760837
2018-11-06 16:00:00,17.52,429.62,0,-780925,0,0
2018-11-07 16:00:00,16.75,429.62,837,0,0,0
2018-11-08 16:00:00,16.42,423.37,0,-625103,0,0
2018-11-09 16:00:00,14.77,418.74,0,-463199,0,0
2018-11-12 16:00:00,16.14,429.13,1039382,0,33350630,-33353306
2018-11-13 16:00:00,17.31,434.68,554436,0,0,0
2018-11-14 16:00:00,16.13,432.58,0,-209972,0,0
2018-11-15 16:00:00,17.49,440.71,813474,0,0,0
2018-11-16 16:00:00,18.04,446.44,572453,0,0,0
2018-11-19 16:00:00,19.38,455.76,931788,0,49031566,-49026481
2018-11-20 16:00:00,16.62,432.04,0,-2371682,0,0
2018-11-21 16:00:00,16.91,435.22,317969,0,0,0
2018-11-22 16:00:00,16.48,433.37,0,-185384,0,0
2018-11-23 16:00:00,13.91,412.3,0,-2106124,0,0
2018-11-26 16:00:00,13.83,412.85,54650,0,47749424,-47750920
2018-11-27 16:00:00,13.68,411.27,0,-157649,0,0
2018-11-28 16:00:00,15.19,417.78,650357,0,0,0
2018-11-29 16:00:00,13.69,409.72,0,-805646,0,0
2018-11-30 16:00:00,14.96,413.81,408749,0,0,0
2018-12-03 16:00:00,18.16,423.33,951879,0,50774686,-50771427
2018-12-04 16:00:00,18.41,424.85,152605,0,0,0
2018-12-05 16:00:00,17.84,422.86,0,-199491,0,0
2018-12-06 16:00:00,15.29,407.15,0,-1570433,0,0
2018-12-07 16:00:00,15.29,409.38,222957,0,0,0
2018-12-10 16:00:00,13.95,404.95,0,-442893,43632717,-43582001
2018-12-11 16:00:00,14.5,407.05,209795,0,0,0
2018-12-12 16:00:00,14.89,408.56,150963,0,0,0
2018-12-13 16:00:00,16.67,415.76,720083,0,0,0
2018-12-14 16:00:00,14.72,409.28,0,-648547,0,0
2018-12-17 16:00:00,14.55,411.49,220952,0,42334606,-43988683
2018-12-18 16:00:00,13.36,404.78,0,-670870,0,0
2018-12-19 16:00:00,12.01,401.91,0,-286924,0,0
2018-12-20 16:00:00,11.15,398.76,0,-314923,0,0
2018-12-21 16:00:00,9.77,393.31,0,-545401,0,0
2018-12-24 16:00:00,10.09,394.33,102149,0,45784180,-44148417
2018-12-25 16:00:00,9.33,393.22,0,-110800,0,0
2018-12-26 16:00:00,8.78,390.63,0,-259087,0,0
2018-12-27 16:00:00,8.36,388.86,0,-176762,0,0
2018-12-28 16:00:00,9.09,391.78,291928,0,0,0
2019-01-02 16:00:00,7.6,392.23,44823,0,47671107,-47653383
2019-01-03 16:00:00,7.43,391.71,0,-51982,0,0
2019-01-04 16:00:00,10.01,402.98,1126806,0,0,0
2019-01-07 16:00:00,10.67,407.63,465782,0,43860528,-43859282
2019-01-08 16:00:00,10.44,411.17,353392,0,0,0
2019-01-09 16:00:00,11.55,410.94,0,-23049,0,0
2019-01-10 16:00:00,11.34,402.8,0,-813631,0,0
2019-01-11 16:00:00,12.14,405.31,250695,0,0,0
2019-01-14 16:00:00,11.16,408.06,274888,0,42377502,-44044212
2019-01-15 16:00:00,13.34,417.68,961760,0,0,0
2019-01-16 16:00:00,13.37,417.16,0,-51491,0,0
2019-01-17 16:00:00,12.74,414.48,0,-268198,0,0
2019-01-18 16:00:00,14.8,422.02,754463,0,0,0
2019-01-21 16:00:00,15.43,426.57,454897,0,48774262,-47107066
2019-01-22 16:00:00,13.9,418.6,0,-797594,0,0
2019-01-23 16:00:00,13.82,420.31,171046,0,0,0
2019-01-24 16:00:00,14.46,423.87,356166,0,0,0
2019-01-25 16:00:00,15.39,428.02,415440,0,0,0
2019-01-28 16:00:00,15.37,433.29,527005,0,49560635,-49561911
2019-01-29 16:00:00,15.74,430.14,0,-314846,0,0
2019-01-30 16:00:00,14.81,425.47,0,-467781,0,0
2019-01-31 16:00:00,16.01,426.62,115772,0,0,0
2019-02-01 16:00:00,17.67,436.21,959025,0,0,0
2019-02-11 16:00:00,19.81,446.2,998546,0,44534934,-44638321
2019-02-12 16:00:00,20.68,453.47,727419,0,0,0
2019-02-13 16:00:00,23.09,467.74,1426587,0,0,0
2019-02-14 16:00:00,23.28,470.55,281195,0,0,0
2019-02-15 16:00:00,20.98,460.48,0,-1006711,0,0
2019-02-18 16:00:00,24.86,482.82,2233135,0,50736603,-50631207
2019-02-19 16:00:00,24.64,491.74,892071,0,0,0
2019-02-20 16:00:00,25.08,493.51,177708,0,0,0
2019-02-21 16:00:00,24.75,496.75,323906,0,0,0
2019-02-22 16:00:00,27.55,522.12,2537068,0,0,0
2019-02-25 16:00:00,35.14,559.65,3752203,0,53132919,-53133016
2019-02-26 16:00:00,33.52,555.09,0,-455816,0,0
2019-02-27 16:00:00,33.29,550.59,0,-449737,0,0
2019-02-28 16:00:00,32.96,537.07,0,-1352223,0,0
2019-03-01 16:00:00,35.87,549.98,1291716,0,0,0
2019-03-04 16:00:00,37.48,565.31,1532584,0,54798500,-59126454
2019-03-05 16:00:00,38.28,578.34,1303339,0,0,0
2019-03-06 16:00:00,39.44,586.65,830140,0,0,0
2019-03-07 16:00:00,38.02,584.06,0,-258854,0,0
2019-03-08 16:00:00,32.53,553.6,0,-3045562,0,0
2019-03-11 16:00:00,35.16,574.55,2095259,0,56775199,-56766697
2019-03-12 16:00:00,36.08,582.55,799514,0,0,0
2019-03-13 16:00:00,34.95,557.15,0,-2539487,0,0
2019-03-14 16:00:00,34.02,536.96,0,-2019741,0,0
2019-03-15 16:00:00,35.7,545.57,861254,0,0,0
2019-03-18 16:00:00,39.57,571.42,2585100,0,62685061,-58424439
2019-03-19 16:00:00,38.93,569.39,0,-203265,0,0
2019-03-20 16:00:00,38.98,566.64,0,-274272,0,0
2019-03-21 16:00:00,39.03,567.53,88288,0,0,0
2019-03-22 16:00:00,38.92,573.74,620771,0,0,0
2019-03-25 16:00:00,35.62,569.01,0,-472735,53082948,-55175823
2019-03-26 16:00:00,34.09,549.68,0,-1932429,0,0
2019-03-27 16:00:00,35.64,560.11,1042428,0,0,0
2019-03-28 16:00:00,35.1,553.57,0,-654266,0,0
2019-03-29 16:00:00,40.32,575.58,2201909,0,0,0
2019-04-01 16:00:00,44,598.08,2249971,0,56827023,-54675121
2019-04-02 16:00:00,43.9,603.18,509398,0,0,0
2019-04-03 16:00:00,45.75,615.25,1207133,0,0,0
2019-04-04 16:00:00,47.2,624.06,880588,0,0,0
2019-04-08 16:00:00,47.02,631.66,760518,0,63335403,-63300593
2019-04-09 16:00:00,47.68,620.87,0,-1079501,0,0
2019-04-10 16:00:00,48.05,618.29,0,-257500,0,0
2019-04-11 16:00:00,44.86,600.78,0,-1750578,0,0
2019-04-12 16:00:00,44.53,596.35,0,-443917,0,0
2019-04-15 16:00:00,44.06,595.89,0,-45364,49762112,-54449575
2019-04-16 16:00:00,48.05,617.72,2182470,0,0,0
2019-04-17 16:00:00,48.1,615.74,0,-197375,0,0
2019-04-18 16:00:00,47.55,611.28,0,-446711,0,0
2019-04-19 16:00:00,49.31,618.34,706272.16,0,0,0
2019-04-22 16:00:00,45.87,611.78,0,-655531,64631367,-59894837
2019-04-23 16:00:00,45.63,604.98,0,-679884,0,0
2019-04-24 16:00:00,46.03,606.88,189498,0,0,0
2019-04-25 16:00:00,42.83,586.17,0,-2070531,0,0
2019-04-26 16:00:00,40.93,576.7,0,-947357,0,0
2019-04-29 16:00:00,41.33,582.45,574865,0,60915958,-60915974
2019-04-30 16:00:00,41.8,585.74,329059,0,0,0
2019-05-06 16:00:00,33.51,549.32,0,-3641751,41889634,-41892010
2019-05-07 16:00:00,34.82,556.88,755575,0,0,0
2019-05-08 16:00:00,32.89,551.12,0,-575421,0,0
2019-05-09 16:00:00,30.44,538.29,0,-1282890,0,0
2019-05-10 16:00:00,35.18,556.46,1816065,0,0,0
2019-05-13 16:00:00,32.94,555.27,0,-118768,51895463,-51892577
2019-05-14 16:00:00,32.08,546.58,0,-868883,0,0
2019-05-15 16:00:00,35.05,559.89,1331296,0,0,0
2019-05-16 16:00:00,35.66,564.28,438428.4,0,0,0
2019-05-17 16:00:00,32.22,543.49,0,-2078182,0,0
2019-05-20 16:00:00,31.09,541.99,0,-150561,55489468,-55481068
2019-05-21 16:00:00,32.87,550.57,858304,0,0,0
2019-05-22 16:00:00,32.24,547.95,0,-262277,0,0
2019-05-23 16:00:00,29.87,538.71,0,-924158,0,0
2019-05-24 16:00:00,30.23,536.2,0,-250682,0,0
2019-05-27 16:00:00,31.8,544.35,814809,0,57176264,-57126913
2019-05-28 16:00:00,33.07,548.45,410351,0,0,0
2019-05-29 16:00:00,32.76,545.15,0,-330018,0,0
2019-05-30 16:00:00,31.94,542.23,0,-292686,0,0
2019-05-31 16:00:00,31.53,540.84,0,-138617,0,0
